"X"	"baseMean"	"log2FoldChange"	"lfcSE"	"stat"	"pvalue"	"padj"
"Angptl2"	1279.91851013129	-1.89292031990983	0.255905951886638	-7.39693745282004	1.39361150401223e-13	1.83803421264173e-09
"Mmp9"	266.435353213833	-5.31270894149492	0.892073355532976	-5.95546196794635	2.59338206185466e-09	1.71020580069006e-05
"Acp5"	61.7943755394842	-3.28727989414701	0.599026432064639	-5.48770424506459	4.07191074284241e-08	0.000179014769291162
"Msr1"	22.7921249049665	-7.28558341663959	1.34956737940873	-5.39845844512894	6.72159318719313e-08	0.000221627731364726
"Spi1"	23.3087727952865	-4.91204739968389	0.921514361718	-5.33040786312462	9.79924393867023e-08	0.000258484456614243
"Arl4c"	827.03219622102	-1.38717668081958	0.271762371702174	-5.10437361924335	3.31891986937122e-07	0.000729553902618951
"Ammecr1"	113.536255792894	-1.39412737059143	0.299284165174979	-4.65820625617242	3.18976541982408e-06	0.00600997373172283
"Atp2b4"	187.56439225993	-1.31325854557926	0.285994853810436	-4.59189572148638	4.39237836784867e-06	0.00662454381005127
"Clec4a2"	8.24637430758431	-6.70883976320772	1.46292986089281	-4.58589296899946	4.52050150052782e-06	0.00662454381005127
"Podnl1"	106.201532562207	-1.40503367373069	0.319414494676942	-4.39877869397175	1.08861765720746e-05	0.01263195981897
"Ccdc25"	543.098384494802	-1.3096618904597	0.297339034928914	-4.40460799495365	1.05975337063609e-05	0.01263195981897
"Lcp1"	21.2095142904044	-3.51158778730519	0.800455521564265	-4.38698677528363	1.14931774833301e-05	0.01263195981897
"Igfbp5"	138.750972454337	-1.41010263061364	0.329145929526493	-4.28412598825757	1.83458937774031e-05	0.0172831423592979
"Tyrobp"	10.5999629520334	-5.93637615386517	1.38138270087956	-4.29741602387617	1.72800692609443e-05	0.0172831423592979
"Laptm5"	71.046881033517	-4.14334729610018	0.973670442598981	-4.25538982680886	2.08685104056885e-05	0.0178704324026884
"Cks1brt"	44.494109872624	-2.59739276880497	0.61160379677021	-4.24685520678815	2.16791961818951e-05	0.0178704324026884
"Jup"	139.673433860231	1.61975969065531	0.391737042971306	4.13481369637529	3.55242704259668e-05	0.0275605648616515
"Lyz2"	110.869153510014	-3.21385337058181	0.78345075632253	-4.10217661371269	4.09281665396088e-05	0.0299889771383833
"Scg2"	79.0988946249125	1.58542845834654	0.393414666049047	4.02991701928287	5.57965463961152e-05	0.0367950325209182
"Cybb"	6.05422443353129	-6.30917105183677	1.56462853786025	-4.03237631116267	5.5215677670973e-05	0.0367950325209182
"Mmp11"	84.6690135829413	1.87130405330251	0.470220823564814	3.97962820769161	6.90231287865459e-05	0.0433498116936073
"Ptbp3"	331.776999232972	-0.914141946373596	0.231090771107121	-3.9557700292144	7.62885223634509e-05	0.0451795867275551
"Ly6a"	2039.89379731381	-1.18542768605076	0.300255881632404	-3.94805816827278	7.87876635631031e-05	0.0451795867275551
"Tmsb4x"	5740.07962530301	-1.13808901374411	0.291614666702992	-3.90271527358824	9.51195733859328e-05	0.0464641501254469
"Ctss"	14.9304234401084	-3.85774415893273	0.985464120315027	-3.9146469966857	9.05365671301784e-05	0.0464641501254469
"Vav1"	4.27969784727035	-6.37420857690813	1.62453770312348	-3.92370615015736	8.71970834685928e-05	0.0464641501254469
"Pcyox1l"	399.532508574167	-1.05284949461074	0.269591005605758	-3.90535838628978	9.40858434446811e-05	0.0464641501254469
"Ntrk3"	35.9131232330441	2.11154964239969	0.558755710698982	3.77902113923494	0.000157446059318104	0.0741627170123741
"Lat2"	22.8046285022775	-2.55813504788464	0.685083239676042	-3.7340499660951	0.000188425086892704	0.085694430035444
"Fcer1g"	10.5730306181096	-3.28261210340651	0.892906023228037	-3.67632429170899	0.000236618698187455	0.0985354450262147
"Gjb5"	78.1806315944965	-1.35963703264103	0.370101217631405	-3.67368970397482	0.0002390730336522	0.0985354450262147
"Clec4d"	9.43229678199289	-4.44652046127062	1.20769910480973	-3.68181150715612	0.000231582606759457	0.0985354450262147
"Fhod1"	838.360175620258	-1.15245521427444	0.317867391359935	-3.6255848998662	0.000288308154605954	0.11522715912418
"Cdk6"	244.344885923471	-0.899943005350504	0.249472160004844	-3.60738851715169	0.000309294359826614	0.116574316509743
"B4galnt1"	45.6148519486688	1.74344387172568	0.483305030304028	3.60733649022636	0.000309356363472666	0.116574316509743
"Eya2"	152.921305116941	-1.20166392089723	0.333952354544783	-3.59830947302421	0.000320292361030022	0.11734266526736
"Rpl3"	1329.19919786089	0.865569570414978	0.243012393129983	3.56183303767557	0.000368274568214367	0.129919011950856
"Cfb"	501.192429338806	-1.15093083449735	0.323517271464644	-3.55755607509545	0.000374321211170865	0.129919011950856
"Rbm47"	11.6448668749954	-5.26127471643249	1.48867394733867	-3.5342021843253	0.000409008076919316	0.137060624379052
"Rbpms2"	86.8404771466762	-1.24119181247002	0.351620144788064	-3.52992236328819	0.000415681626746689	0.137060624379052
"Slc2a10"	345.801855988995	-1.15014098867683	0.328019161257326	-3.50632257051155	0.000454344237859808	0.146154784222756
"Mafb"	101.448259010083	1.22886193395973	0.352418412838384	3.48694020855054	0.000488580575496658	0.153425933576796
"Fbxo2"	44.8277107766857	-1.96250327396654	0.565593575351135	-3.46981182158614	0.000520823121698817	0.158804102603902
"Sh3rf1"	418.812035522901	-0.75280346915499	0.217245206250485	-3.46522476674124	0.000529788499095585	0.158804102603902
"Ctcf"	435.113106802357	-0.916334338833767	0.26555557785873	-3.45063111165843	0.000559277436568994	0.163918002464633
"Plp1"	12.2115126204429	-3.18786494380501	0.929903921300798	-3.42816593282633	0.000607673914593382	0.174230679555916
"Lilrb4a"	6.53189776310575	-4.30619460412452	1.26670655834682	-3.39952025648666	0.000675041794378907	0.189428217575817
"Trib3"	349.796152180057	1.05720578234485	0.313367502001327	3.37369310982469	0.000741670039794431	0.192510666142376
"Gm42674"	43536.8001519144	-0.645063063574553	0.191261426946659	-3.37267725057001	0.000744411553056423	0.192510666142376
"Bcr"	67.1112764486738	1.47267538202206	0.436357476664455	3.37492872421778	0.000738348110139884	0.192510666142376
"Masp1"	414.280638532564	-1.01631523038116	0.300093495068287	-3.38666198062671	0.000707484976575523	0.192510666142376
"Ndufb3"	4262.91796734486	-0.754067995459036	0.225050070707994	-3.35066766736302	0.000806169886763051	0.192545422692879
"Mms22l"	249.724836606528	-1.05051611123758	0.314163854395877	-3.34384779324051	0.000826250554724969	0.192545422692879
"Eln"	426.920860797888	1.2338133112431	0.367993129030162	3.35281616397237	0.000799938198370113	0.192545422692879
"Cd63"	23710.1227640726	-0.627518844015872	0.187154495373856	-3.35294561192534	0.000799564167736583	0.192545422692879
"Ryk"	3472.119046288	-0.734084031749645	0.219117354021084	-3.35018663870416	0.000807571262666552	0.192545422692879
"Pik3ip1"	118.629648078092	1.06910027367693	0.319910130915064	3.34187689092215	0.000832139593107446	0.192545422692879
"Klra2"	9.49797867909476	-4.88950405551479	1.48675995171451	-3.28869771470256	0.00100652062059731	0.221420322733571
"Ulk3"	990.060961293104	-0.934778945988185	0.284258572174318	-3.28848111364938	0.00100729542527972	0.221420322733571
"Sgms1"	476.531339984732	-0.813082777355153	0.247238829577518	-3.28865323761866	0.00100667967476498	0.221420322733571
"Txnip"	269.574581695	1.1446341909933	0.349395572143292	3.27604091824001	0.00105273307509394	0.22644890279794
"Adm"	6617.13794007612	-0.863646833021559	0.263878362364019	-3.27289750203225	0.00106451072662615	0.22644890279794
"Spp1"	1336.79890579148	1.04016057298006	0.320617084263754	3.24424562517816	0.00117762148726218	0.246534123738109
"Dynlrb1"	426.319898743992	0.79727279135845	0.246359233059588	3.23622046333295	0.00121123795851037	0.249609647418645
"Hoxd9"	14.2325365402348	3.55991416545721	1.10541971476144	3.22041855950206	0.00128003556440134	0.259729062444451
"Fam69b"	28.1562251369966	1.72817179713576	0.540994759030999	3.19443352876684	0.00140105545527094	0.275798811933857
"Cd52"	5.4772347286719	-5.0797393005362	1.59001209268194	-3.19478029375739	0.00139937326054628	0.275798811933857
"Slc37a2"	6.30672403493596	-4.41797144359907	1.38762058102345	-3.18384686997115	0.00145331872110027	0.280488917893365
"Hcls1"	4.38910430451959	-5.70942714165665	1.79482380801741	-3.18105159746203	0.00146741491657004	0.280488917893365
"Ubn1"	889.918548604736	-0.737001166672106	0.233563657863551	-3.15546165620794	0.0016024432769254	0.297670765906608
"Dpysl3"	2160.21836381096	-0.869494688353772	0.275265721381627	-3.15874669751672	0.00158449141579887	0.297670765906608
"Flt4"	42.1429538807827	-2.10418550129374	0.669533639317459	-3.14276292889301	0.00167361328536624	0.302373775625963
"Hmgcs1"	1210.13285048103	-0.761479528646233	0.242085446075027	-3.14549900042415	0.00165803761538345	0.302373775625963
"Tle3"	244.323798569718	-0.822419453971305	0.26294506695046	-3.12772345763859	0.00176165848902892	0.3057172869974
"Dcstamp"	5.41913742405363	-5.09536423654289	1.62636727979787	-3.13297266849598	0.00173045555022197	0.3057172869974
"Gm4737"	250.935821752028	-0.839293536839081	0.268140944277737	-3.1300461744095	0.00174778827966732	0.3057172869974
"Ncor2"	405.654973119655	-1.11673829547952	0.358637896589011	-3.11383238107508	0.00184674371716867	0.312265421612021
"Adamts1"	707.227047204716	-0.7740663812988	0.24844712241413	-3.11561821999503	0.0018355975406974	0.312265421612021
"Plekhg3"	1034.37204112845	-0.862320823360834	0.277424972886468	-3.10830281206777	0.00188165164853413	0.314140551804009
"Nrip2"	11.3834098138923	5.28391380317974	1.70237997777336	3.10383925572883	0.00191027086237801	0.314932030048794
"Pid1"	1093.92466884754	-0.758627381959074	0.245451383822935	-3.09074395973394	0.00199655715536642	0.324248602250845
"Crabp1"	31.8001593544569	2.73654234465308	0.886222674561469	3.08787218292198	0.00201595157969287	0.324248602250845
"Pon2"	548.114982635008	-0.895082633511368	0.290843084086384	-3.07754484285938	0.00208713433431682	0.331653189581982
"Map3k7"	442.901163826366	-0.65672598425292	0.214156627198573	-3.06656858040625	0.00216531129971515	0.339277438665973
"Cdo1"	117.692923842343	1.10867368397557	0.361880292295929	3.06364758617181	0.00218656321833404	0.339277438665973
"Pomp"	3646.36009348039	-0.818000352825302	0.268033213113317	-3.05186190667898	0.00227426703330282	0.344773654048632
"Spag7"	2002.3819721496	-0.750808092715756	0.245802513117772	-3.05451756042877	0.00225422817196638	0.344773654048632
"Hgf"	33.0162403817933	1.6445808297248	0.54019776769113	3.04440508289016	0.00233140985583613	0.34942005214344
"Enc1"	463.768821195872	0.675775627463813	0.224405587370707	3.0114028593569	0.00260043592045388	0.381079437276291
"Arl6"	27.3669676530027	1.80151543054617	0.597870426085946	3.01322051057129	0.00258491018001191	0.381079437276291
"Lars"	397.859728338524	0.725220969587246	0.242420588196083	2.99158159372441	0.00277536359808554	0.402244730715935
"Zfp300"	14.9313984831048	-2.58869131657794	0.868072694653188	-2.98211351713139	0.0028626583316241	0.40597420146011
"Trnp1"	21.8522939061657	1.95953695811491	0.656619454343117	2.98428099434738	0.00284245603166506	0.40597420146011
"Cavin2"	453.828989621169	-0.924562264342047	0.312471386697122	-2.95887016764906	0.00308769158591384	0.4239241965457
"Lsm14b"	62.5529101926725	1.37823429826913	0.466979370672722	2.9513815487902	0.00316355859738755	0.4239241965457
"Cyr61"	4514.81090685029	-0.696253976249434	0.235747532152043	-2.95338818563069	0.00314306449562358	0.4239241965457
"Mpdz"	68.2960335446866	-1.01123526048203	0.342947031078334	-2.94866311366623	0.00319151669326479	0.4239241965457
"Ticrr"	23.0730153226108	-1.76728610497071	0.59826549734723	-2.95401642382359	0.00313667312011664	0.4239241965457
"Peli2"	150.818195576071	0.900535976695384	0.305632050540612	2.94647101016561	0.00321422546474865	0.4239241965457
"Hbp1"	211.53504164168	0.864280490661044	0.293147738785749	2.9482761635515	0.00319551458786522	0.4239241965457
"Apod"	23.5279380293323	1.80500577346046	0.613474116634394	2.94226883338286	0.00325816942201687	0.425465311950302
"Cd207"	2.17920012847548	-5.69937647614916	1.9416937219148	-2.93526028941821	0.00333267998889828	0.430928591897838
"Abi3bp"	907.507535357628	0.715880355507825	0.244421892692909	2.92887166374763	0.00340194851058664	0.435614552486672
"Cdon"	675.509780507476	0.601612980378469	0.206161261516011	2.91816695316324	0.0035209577666817	0.446518384468893
"Tmem176a"	385.156520329392	-0.790434399927976	0.271336930393194	-2.91311027504645	0.00357848206413595	0.448386044335395
"Ckb"	84.3384492063382	-1.17690329897755	0.404306495884051	-2.91091860001941	0.00360367887630236	0.448386044335395
"Gja1"	1766.84389339874	-0.609110933341433	0.209528059959641	-2.9070613905305	0.00364841588739618	0.449709879802507
"Dio3"	491.644207200356	-1.05042830949834	0.362369204290646	-2.89877919277	0.00374618614405088	0.457485639387843
"Nrp2"	533.380067015817	-0.732985829909627	0.253655192939084	-2.8896937666309	0.00385617273999571	0.458765003090246
"Nfasc"	15.5915615252242	2.9934251597458	1.04038160569828	2.8772376821644	0.00401173299287992	0.458765003090246
"Actl6a"	234.211080566391	-0.691639389783216	0.239090908483741	-2.89278832963341	0.00381838532293997	0.458765003090246
"Mgst1"	190.604843076048	1.03981972986626	0.360233671560157	2.88651453753015	0.00389534751197454	0.458765003090246
"Slc1a5"	211.440890590114	0.692952684830879	0.240602769901819	2.88006944023814	0.0039758759162006	0.458765003090246
"Il4ra"	3517.09902169309	-0.709882175822316	0.246879674282522	-2.87541766200626	0.0040349336840146	0.458765003090246
"Itga2"	2.60881453723631	-5.42508767731057	1.88345207788517	-2.8803959182238	0.00397176066014269	0.458765003090246
"Apol10b"	39.0486818032596	-4.03287325539297	1.39767894550675	-2.88540745952984	0.00390907366468851	0.458765003090246
"Nsg1"	728.307645164257	-0.667193906778791	0.232630925952092	-2.86803615662086	0.00413028329548264	0.46559236225744
"Tram1"	420.846317926635	1.0400781904479	0.363830663925724	2.85868755323007	0.00425397553570685	0.468952468462065
"Jph2"	161.969431390016	-0.905075377243727	0.317039362148596	-2.8547728935296	0.00430676138335625	0.468952468462065
"Sdc3"	477.09174574638	-0.769608991596362	0.269802900463333	-2.85248598245131	0.00433787255685586	0.468952468462065
"Apoe"	79.02549727536	-2.62730193894034	0.919253490207536	-2.85808209261972	0.00426210110966478	0.468952468462065
"Adam8"	33.6373163649391	-1.53250076302361	0.536354823375118	-2.85725175990782	0.00427326746423312	0.468952468462065
"Stk39"	84.6588992450616	-0.948121737226444	0.333963100823955	-2.83900147916711	0.00452549471332629	0.485014867744526
"Nelfcd"	1058.90720325036	-0.7326589111769	0.258289815453312	-2.8365768502759	0.00456000027297909	0.485014867744526
"Coro1c"	1930.00618087741	-0.662496152988965	0.234577854705729	-2.82420586470128	0.00473979303635388	0.49324270390327
"Clec5a"	3.06936670868255	-5.20837141712483	1.84227048923492	-2.82714804778088	0.00469646095953456	0.49324270390327
"Slc37a4"	29.227335524034	1.71388145700429	0.606995966571232	2.82354669782334	0.00474955064036055	0.49324270390327
"Rassf3"	124.947528964765	-1.09768038513682	0.389536771097645	-2.81791211146448	0.00483370390208811	0.49806031847375
"Gjb2"	18.090471148738	4.49321459082816	1.59632238042812	2.81472880786344	0.00488184113319052	0.499120951206587
"Mfap3l"	16.4510320615543	2.76388174813358	0.986271216331764	2.80235466914798	0.0050731067697311	0.514686193738335
"Rpia"	51.3607423704877	1.14631063455444	0.409627510359447	2.79842199452999	0.00513529717238975	0.517018583256859
"Sphk1"	57.3242023762736	-1.16571388321472	0.417796287810631	-2.79014897265696	0.00526837944172866	0.522441025992175
"Lima1"	3740.64485908744	-0.578819272672349	0.207421150546138	-2.79055087269704	0.00526184304700017	0.522441025992175
"Per3"	91.5187195495688	1.10133218174087	0.396594842733941	2.77697050760618	0.00548681573455566	0.536041575726331
"Bcl2a1b"	3.60358087818929	-5.37655903527003	1.93466089082908	-2.77907051347172	0.00545146898916248	0.536041575726331
"Carns1"	37.9174874127843	1.67628944548408	0.604821336321262	2.7715448262455	0.00557909900073145	0.541049534710641
"Sertad3"	172.03593838564	-0.881309980316164	0.3191172706276	-2.76171195179413	0.00574991820619275	0.551203019988903
"Tmem2"	767.18312976613	-0.716020644767482	0.259359968477857	-2.76072151369271	0.00576738317980655	0.551203019988903
"Ifih1"	6.28833099709019	4.70207952320934	1.71265277454412	2.74549493808572	0.0060419699546752	0.57329166713821
"Pik3r5"	7.51622803051525	-4.35530553381242	1.58919194380615	-2.74057866375874	0.00613310988707724	0.574080873612088
"9930021J03Rik"	56.6741699662844	1.26162777450269	0.460388951526641	2.74035197916709	0.00613734196522135	0.574080873612088
"Exosc9"	283.946189085401	-1.01026649081183	0.369554263641165	-2.73374329620182	0.00626188424301811	0.575904752414617
"C1qc"	3.66212547115449	-4.90229797483835	1.79389984065033	-2.73276013730017	0.00628060526740687	0.575904752414617
"Blmh"	577.311940196868	-0.627894147087772	0.2297974313763	-2.73238105111618	0.00628783716337136	0.575904752414617
"Slpi"	403.261697389063	0.993840000098455	0.36491707014276	2.72346810114871	0.00646004537425484	0.587596816834808
"Pbx3"	186.268595256772	-0.726276880690588	0.268111157268434	-2.70886481595928	0.00675138421617225	0.587821629442576
"Bckdk"	202.151682750545	0.825792892394837	0.304953636168416	2.70792931925815	0.0067704439733804	0.587821629442576
"Spata13"	96.2360999078958	-0.939551362146233	0.346474363884493	-2.71174857386984	0.00669293377658912	0.587821629442576
"Arhgap42"	179.263306235321	-0.709262844891801	0.261959922125101	-2.7075242622537	0.00677871157380644	0.587821629442576
"Cd300lb"	2.81274575565138	-5.15681110650563	1.90194810263509	-2.71133113430436	0.00670136653796555	0.587821629442576
"Phactr1"	47.4897516212353	1.25896285959011	0.462784567146481	2.72040804504966	0.00652014034994031	0.587821629442576
"Cxcl14"	2277.87446804805	-0.740209932838401	0.272855897238688	-2.71282365647712	0.00667125976869371	0.587821629442576
"C2cd2"	78.1144338649199	-0.907289413932506	0.335343384617582	-2.7055533389071	0.00681906962656108	0.587821629442576
"Hmbox1"	45.676931540758	-1.16189813993063	0.429871731014347	-2.70289497099276	0.00687384627684914	0.588695834710151
"Mamdc4"	3.76207688224093	-5.0155683616898	1.85722783289725	-2.70056708867301	0.00692213746231932	0.588757020877634
"Npy"	38.4425731003975	-1.27131397970642	0.471106805507451	-2.69856848774883	0.006963840720063	0.588757020877634
"Gdpd1"	13.185870955305	4.12681284486677	1.53254572831074	2.69278284401705	0.0070858404278221	0.595255728678635
"Trappc1"	76.2653645970177	1.01732812413881	0.378227766049217	2.68972353554401	0.00715112354081861	0.59541685162411
"Mef2c"	19.5415354352632	1.65277843351672	0.614765647281867	2.68846907894794	0.00717804832877651	0.59541685162411
"Lrg1"	4.47270198046249	-4.108071969793	1.52943677079972	-2.68600314064957	0.00723124090974765	0.596080227241636
"St3gal5"	1415.19252642895	-0.780356128245274	0.291273946411409	-2.67911407065245	0.00738172418344845	0.604705343201874
"Bhlhe41"	36.8687042040422	1.41610017277518	0.529681254074989	2.67349497812262	0.00750654000953191	0.611134297442694
"Cd38"	5.10386940729584	4.63504916017121	1.73751048101704	2.66763810107097	0.00763864888603568	0.61807447949647
"Tmem170"	27.221182336196	-1.64180837808783	0.617418506708365	-2.65914992869388	0.00783380934561686	0.630000679630126
"Srgn"	6.74998130993283	-3.07835695018898	1.16288579548331	-2.6471704806658	0.00811684220977399	0.648655882055846
"Adamts16"	45.5690084953684	1.384895787719	0.523549501089844	2.64520505670646	0.00816414257496933	0.648655882055846
"Aldh1a2"	180.25249117784	0.964377158463502	0.365144224265108	2.64108561597658	0.00826408326731377	0.6526646360036
"Atp6v0d2"	4.78473320001067	-4.6388189586861	1.76038873385735	-2.63511056931247	0.00841098794508656	0.656405443832821
"Dgat2"	51.9859013551597	1.32969720551696	0.504431328649362	2.63603216135937	0.00838817807576822	0.656405443832821
"Prdm11"	9.82627594586724	-2.2044446401762	0.839936109772006	-2.62453847921192	0.00867664879157423	0.661144549219137
"Dclk2"	11.7634270522705	2.34882681836393	0.895427918192396	2.62313333172091	0.00871251692504061	0.661144549219137
"Nrbp1"	254.98433754215	0.765588859927174	0.291960089631683	2.62223806306194	0.00873543881989291	0.661144549219137
"Usf2"	5463.33317240323	-0.502744039431697	0.191431037061582	-2.62624100641512	0.0086333665370626	0.661144549219137
"Hivep1"	84.2792934520259	0.985328764582135	0.3762444908933	2.61885233785806	0.0088226128336165	0.661144549219137
"Coq6"	33.7054710128899	1.62377236772006	0.620031034289906	2.61885660220168	0.00882250255028131	0.661144549219137
"Crip2"	421.076061124529	0.772118729781575	0.294330540715175	2.62330483240188	0.00870813206934961	0.661144549219137
"Eif4ebp1"	434.756836817087	0.780532015108494	0.298303779820634	2.61656763309475	0.00888187666683117	0.661825261914329
"Fam172a"	93.4410999060303	1.01372282963009	0.388859921991456	2.60691002672258	0.00913633637876844	0.676866405739155
"Arhgef28"	99.3564072326702	0.872021319145619	0.33474402523878	2.60503923415389	0.00918637399554998	0.676866405739155
"Camp"	26.8509484602613	-2.22877627848729	0.856989336880902	-2.6007047959303	0.00930324713807077	0.677903461348151
"Sh3bp5l"	443.515939893718	-0.557770414080986	0.214370258125506	-2.60190205002428	0.00927083265921376	0.677903461348151
"Rtl3"	12.0505487314634	2.3906986816435	0.9205320379749	2.59708362449052	0.00940190314165079	0.681328024918858
"Lin54"	90.0578551465391	-0.970610173851806	0.374402074700171	-2.59242733798708	0.0095301310666182	0.683113579552323
"Ift46"	64.2018006889524	1.01830377180403	0.392795765903107	2.59245098903439	0.00952947582705385	0.683113579552323
"Znhit6"	466.133670322126	-0.85170410310198	0.3290104354025	-2.58868416152222	0.00963434150359848	0.68685043292411
"Lrpprc"	2538.49176977412	-0.780051325694186	0.301756529888286	-2.58503544557253	0.00973689869144119	0.690429875491494
"Cd68"	23.2559449203818	-1.83862577738211	0.712332565478146	-2.58113396254452	0.009847636018518	0.691213672543182
"Actg1"	2334.74809162907	0.823310220189471	0.318994526308992	2.5809540675064	0.00985276900736358	0.691213672543182
"Dnmt1"	559.839426276206	-0.63014134159741	0.244870128414348	-2.57336958851567	0.0100713594438443	0.702810368808796
"Mastl"	81.0015434324982	-1.0114421941913	0.394407548730355	-2.56445952276333	0.0103336631646528	0.713563787846102
"Maob"	70.1491164670125	1.11219001070506	0.433392445266192	2.56624226576433	0.0102806995453283	0.713563787846102
"Adgrg6"	11.5202418309506	2.69585932336486	1.05485741821643	2.55566228839066	0.0105985925477726	0.728046026627985
"Ocstamp"	5.00744086814082	-3.5918329942505	1.40656131214765	-2.55362703582839	0.0106607381544056	0.72852059854122
"Extl2"	294.949260835629	-0.625365496484127	0.245407142333591	-2.54827748914514	0.0108256322784982	0.728538287290517
"Mien1"	122.59516647855	0.870164017951767	0.341476115199371	2.54824270049963	0.010826711980358	0.728538287290517
"Otub2"	24.2264433936989	1.74079413703467	0.682776416351622	2.54958152529127	0.010785229131336	0.728538287290517
"Tpk1"	7.25968624579746	3.85792869671997	1.51564042859619	2.54541157911264	0.0109149002892128	0.730744263525015
"Dusp2"	11.0688672613668	-2.57621533668028	1.01839333043214	-2.52968598644211	0.0114164649574373	0.73158251568051
"Vapb"	306.540586155789	-0.686743445599835	0.271004657740231	-2.53406510178178	0.0112747782845468	0.73158251568051
"Tcea2"	13.4684928773902	2.76016930593986	1.08604045038715	2.5414976992394	0.0110378672666616	0.73158251568051
"Penk"	672.082205651623	1.87169825575452	0.73959881713803	2.53069395513272	0.0113837127415936	0.73158251568051
"Col1a2"	18579.9152247594	0.504995830792083	0.198820029557839	2.5399645695414	0.0110863699106818	0.73158251568051
"Lgals3"	555.897515862873	0.721132002611434	0.285103038166897	2.5293732653571	0.0114266432807783	0.73158251568051
"Cdsn"	460.393229672656	0.932785417030786	0.367436868501946	2.53862771265657	0.011128817627933	0.73158251568051
"Riok3"	189.79197241867	-0.66586871548906	0.26321115222164	-2.52978914407227	0.0114131091890105	0.73158251568051
"Fam204a"	245.349541016509	-0.608289779092841	0.2403411710599	-2.53094289426274	0.0113756367462751	0.73158251568051
"Gm7361"	5.60949427386829	-3.67366884283645	1.45674176529214	-2.52183944358849	0.0116742979640466	0.733201504037195
"Fabp7"	89.4888283176547	-1.37700250768948	0.546024931611673	-2.52186746056641	0.0116733682266377	0.733201504037195
"Rnf145"	441.778897938578	-0.668135801261371	0.264618213592293	-2.52490481358472	0.0115729630657054	0.733201504037195
"Gdf9"	6.56326915047053	4.45026977285055	1.76413683615708	2.52263298494737	0.0116479898689953	0.733201504037195
"Reep4"	989.330322808411	-0.533866440197001	0.212268264831445	-2.51505537401423	0.0119013689427482	0.743274604981703
"Bmp5"	60.600915822216	-1.19273442804923	0.474494634987291	-2.5136942340374	0.0119473967894549	0.743274604981703
"Pgap1"	116.562785702552	-0.793875509674885	0.316463280260879	-2.50858649073108	0.0121215289262413	0.748287833147982
"Ttll4"	114.006615827213	-0.820579627402722	0.327425738915291	-2.50615492270452	0.0122052129116542	0.748287833147982
"Prune1"	389.832953009338	-0.695401684450082	0.278179076445295	-2.49983461494033	0.0124251296883318	0.748287833147982
"Phkg2"	19.4845126476385	1.8008725719045	0.720260451739173	2.5003074478906	0.0124085567147575	0.748287833147982
"Sema3f"	25.1785146328424	1.60073686569241	0.639529898212146	2.50298988392472	0.0123149063963728	0.748287833147982
"Nipal2"	6.15313742920211	3.84450435973047	1.5371139704543	2.50111861165	0.0123801707189183	0.748287833147982
"Ccny"	448.959754847558	-0.593892591049288	0.237493695891093	-2.50066676010477	0.0123959757808642	0.748287833147982
"Adra1b"	113.512233047978	-0.884411773444405	0.354276205493924	-2.49639055553104	0.0125464378512087	0.748755515020775
"1700088E04Rik"	4.01224757612188	4.51652090308183	1.80902932687405	2.49665433057751	0.0125371101075217	0.748755515020775
"Atxn7l3b"	924.350148367474	0.582230388714341	0.233455299637422	2.49396946489799	0.0126323411021968	0.750486246832764
"C1qa"	8.38826719520122	-2.72252292891462	1.09251824234096	-2.49197022383901	0.0127036686851567	0.751339400397006
"Ccdc3"	6.16804181213992	4.09567926942439	1.64663358230379	2.48730459128263	0.0128715143426901	0.754499567403288
"Mcam"	128.916864435831	-0.90822645523642	0.365135268903497	-2.48736983957707	0.0128691535785763	0.754499567403288
"Faah"	10.0370468141054	2.31677112995586	0.932061262220314	2.48564254718296	0.012931778489569	0.754677993358077
"Gpr137c"	4.69185562452972	4.45769698623805	1.79847909667132	2.47859260332161	0.0131901866725287	0.766367277638685
"Cxcl5"	3716.52715899811	-0.628710949233669	0.2544062542325	-2.47128731614866	0.0134627605745052	0.771997067167153
"Clec12a"	4.32786657632154	-4.61973678134948	1.87047609488247	-2.46981867022457	0.0135181555655406	0.771997067167153
"Rps26"	2704.9586773039	0.687525142797047	0.278379825203284	2.46973767691315	0.0135212163557216	0.771997067167153
"2510009E07Rik"	236.064218983356	-0.605719670221257	0.244842482961119	-2.47391573102714	0.013364121526478	0.771997067167153
"Folr2"	4.51893287313639	-3.27458261574591	1.328846548724	-2.4642293114207	0.0137308233897953	0.780585472793147
"Kdelr1"	3162.91386485516	-0.557530123485732	0.226798883426506	-2.45825779678672	0.0139612914136053	0.790280997656826
"Rgs14"	2.02700199047734	-5.01701873864243	2.04287037087129	-2.45586739627666	0.0140545007370175	0.792157308634719
"Nebl"	5.08952096529702	4.24349957452584	1.72938341917132	2.45376446164797	0.0141369545291759	0.793414013980002
"Ctgf"	17794.7557210557	-0.591908550991983	0.241491285594838	-2.45105552995008	0.0142437977373395	0.796023086261738
"Il17ra"	690.224258263317	-0.612103282634383	0.250073820374683	-2.4476903728558	0.014377514921626	0.800105672157493
"Mrpl33"	1129.75754633179	-0.593581928610032	0.243161975258487	-2.44109683670335	0.0146427277657837	0.807362784358565
"Zdhhc2"	99.7557396335906	-0.862940882155266	0.353344904220656	-2.44220553868913	0.0145978328807966	0.807362784358565
"Zfp942"	9.45045882993795	2.68869834999447	1.1019733619715	2.43989414152827	0.0146915663239105	0.807362784358565
"Ptx3"	10362.5606021834	-0.486955902555213	0.200070750141575	-2.4339185123794	0.014936357239397	0.811136584859598
"Syt11"	59.7304065138697	1.08739246070561	0.447076627348901	2.43222837917896	0.0150062420733749	0.811136584859598
"Tsfm"	107.147193621292	1.10689991490981	0.455039063841486	2.43253822114798	0.0149934089858609	0.811136584859598
"Bcl2l2"	76.6387823769785	0.906543285434111	0.372208251985822	2.43558083572162	0.0148679021614545	0.811136584859598
"Aprt"	370.058985555225	0.628985476834999	0.258866569208106	2.42976711422845	0.0151085273325688	0.813332110160204
"Dhcr7"	44.3945505959332	-1.19443459376084	0.492276472559428	-2.42634913578295	0.0152515899557324	0.814385505773907
"Kctd11"	191.083347834744	-0.81793045417042	0.336930695931045	-2.42759257036591	0.015199407420948	0.814385505773907
"4930579G24Rik"	53.8558187896721	-1.08183377193882	0.44686911265785	-2.42091865670549	0.0154813410770231	0.823320191390555
"Tmem68"	38.0079320148414	1.17451718067716	0.48598608112223	2.41677123337563	0.0156588550320935	0.829416220956951
"Mybl1"	3.61524537538985	-4.09689518426318	1.69860382463091	-2.41191920379279	0.0158687976686457	0.83053004941178
"Kctd21"	8.37239544547501	3.17624776155896	1.3157564522058	2.41400888153285	0.0157780777511176	0.83053004941178
"Cpsf2"	692.996348718052	-0.527524889407727	0.218588577980099	-2.41332321332799	0.0158077944961271	0.83053004941178
"Slc4a4"	20.468333104349	-1.65568078432176	0.687891090638985	-2.40689377555942	0.0160888487786258	0.838718681981407
"Pcp4l1"	19.4311064436894	1.50990975361276	0.628353305739592	2.40296301431174	0.0162628321664607	0.841139189974313
"Ywhab"	1030.86662438795	-0.494423193985902	0.205707634768396	-2.40352379017224	0.0162379104249693	0.841139189974313
"Aldh1l1"	18.8486104340232	1.62332806516637	0.67711007145548	2.39743600575449	0.0165102646777888	0.841423513026026
"Fam53b"	14.1740343325797	2.13479653114994	0.890563990573817	2.39712873386496	0.0165241171023383	0.841423513026026
"Col4a1"	245.560446730542	0.665330903225213	0.277715343094552	2.39572972746663	0.016587316201893	0.841423513026026
"Mustn1"	105.762878937061	0.811696681450885	0.338679492557774	2.39665140431383	0.0165456563086949	0.841423513026026
"Tnks2"	2232.46623099905	-0.603969044533594	0.25161704366998	-2.40035029314531	0.016379389141781	0.841423513026026
"Reck"	58.6564295731086	1.06504933732437	0.445526372378709	2.39054162301991	0.0168235420772826	0.846786613056113
"Arpc1b"	1528.74441836168	-0.542440053509837	0.226882589424519	-2.39084036763561	0.0168098598730457	0.846786613056113
"Nov"	132.378769373536	0.754702408121498	0.315882369358225	2.38918813245203	0.016885653137748	0.846786613056113
"Trim66"	7.90420668748945	2.79237820310721	1.17096196197939	2.38468737138735	0.0170936407420768	0.853969802072918
"Mrvi1"	74.1665487511873	-0.941327610745658	0.395019395755724	-2.38299086287845	0.0171726205592099	0.854678085114791
"Scamp1"	755.137168669566	-0.579532169126031	0.243337331530703	-2.38159991925821	0.0172376136532284	0.854687543129435
"Fam241b"	13.6589975929757	2.06223075792364	0.866689995951486	2.37943297783153	0.0173392958519953	0.856509262142196
"Fermt2"	433.55681426176	-0.558973103354555	0.235190047142688	-2.3766868970243	0.0174689091763721	0.85969195196706
"F3"	346.394606843297	0.585554837478629	0.246676958053109	2.37377192462606	0.0176074227802258	0.861426013436274
"Leo1"	76.2182916708777	-0.875028723889858	0.36871279078035	-2.37319872206747	0.0176347731918867	0.861426013436274
"Phyhd1"	219.938597268955	0.709460998849822	0.301709907001698	2.3514673611491	0.0186995300789775	0.864095208793945
"Zcchc3"	37.2140661847478	1.143072185919	0.484076004877689	2.36134857832463	0.0182086062959164	0.864095208793945
"Il13ra2"	2.99384602885198	-4.34785727007118	1.84637115928722	-2.35481216666623	0.0185320706314419	0.864095208793945
"Fndc5"	5.43773560984673	3.38655334982892	1.43622897563117	2.3579480760306	0.0183762631185002	0.864095208793945
"Tmem50a"	2710.40193413111	-0.683011326771079	0.289128996741208	-2.36230656374609	0.0181616166797371	0.864095208793945
"Draxin"	44.7385608223253	-1.27776517866336	0.539794130070094	-2.36713426005102	0.0179264283795392	0.864095208793945
"Zfp9"	57.4347818294453	-0.866345765645959	0.366999631202455	-2.36061753742756	0.0182445357588832	0.864095208793945
"Rasip1"	8.71793139375431	2.56868896659357	1.08590420091987	2.36548395744083	0.018006523402788	0.864095208793945
"Fgfr2"	208.143612972932	0.764982597649257	0.325179639355665	2.35249229984094	0.0186480758651088	0.864095208793945
"Pgam2"	43.6068188062465	-1.07494219856501	0.455379323308553	-2.36054239519491	0.0182482323922797	0.864095208793945
"Wnt9a"	26.9827581815866	-1.57568554375403	0.665843193788986	-2.36645137842077	0.0179595331087344	0.864095208793945
"Skiv2l2"	106.44912132292	-0.719087580073541	0.305802918154336	-2.35147389833155	0.0186992015046352	0.864095208793945
"Snapc1"	546.186348251303	-0.580542664120577	0.246341745784531	-2.35665563817333	0.0184403383873118	0.864095208793945
"Sntb1"	9.46412150971755	-2.04043634217544	0.86800887574272	-2.35070907590608	0.0187376775885259	0.864095208793945
"Tagap"	13.7016648446547	-1.6912870470432	0.715298456179075	-2.36444945803124	0.0180568909979058	0.864095208793945
"Mpeg1"	2.27007844007167	-4.87544170945196	2.06618380031386	-2.35963601530094	0.0182928735745646	0.864095208793945
"C4b"	64.1083470089574	1.05058296614769	0.447229007838368	2.34909397139861	0.0188191566031239	0.864828768078748
"Pigf"	68.9824648668269	-0.988604050096991	0.421314970934457	-2.34647263519811	0.0189520578285736	0.867912120489782
"Rin2"	116.446949899359	0.745631223819184	0.318405521526442	2.34176599778991	0.0191927440542893	0.870851785225636
"Slc44a1"	210.981265511075	0.576526256261237	0.246237071107183	2.3413463036615	0.0192143353931807	0.870851785225636
"Rnf187"	795.585494525345	-0.484848384278356	0.206944896891729	-2.34288639903995	0.0191352083884362	0.870851785225636
"Cyb5r1"	5099.24896883876	-0.623666012874811	0.267002552776487	-2.33580543103232	0.0195013844417374	0.870883280617249
"Nsfl1c"	251.446395116073	0.662771801563646	0.285789300071036	2.31909242717942	0.0203900252947385	0.870883280617249
"Armcx6"	5.91382564145337	3.71446065569629	1.59641017900562	2.32675831346176	0.0199781322625808	0.870883280617249
"Rmnd5a"	264.491551880318	-0.65929321778624	0.282878296263839	-2.33066031043725	0.0197712785854573	0.870883280617249
"Tjp1"	44.0773169291283	1.12999418651921	0.484155440273391	2.33394916698887	0.0195983838088415	0.870883280617249
"Gm2115"	280.418453822969	-0.601201683295513	0.258948972281249	-2.3216994375345	0.020249125264513	0.870883280617249
"Spn"	3.20281957935272	-4.15766367226091	1.79508472729198	-2.31613784522196	0.0205507435280084	0.870883280617249
"Ormdl2"	53.5958695171142	1.15984730667457	0.495829268237305	2.33920702341327	0.0193247217767428	0.870883280617249
"Mapk8"	159.861149962901	-0.726166155074987	0.313792736936938	-2.31415858175494	0.020659024972169	0.870883280617249
"Angptl6"	19.0475873290982	1.91910921773204	0.825073491988397	2.32598578958955	0.0200193087832335	0.870883280617249
"Gramd1b"	79.8239199109734	1.08995563358644	0.46927336607197	2.32264541819166	0.020198208687905	0.870883280617249
"Myl4"	11.2608324234913	-1.72028237615048	0.74082644012707	-2.3221125529151	0.0202268759348843	0.870883280617249
"Rnf213"	26.1504506258576	1.67317201537008	0.722175023187423	2.31685112562505	0.0205118429151686	0.870883280617249
"Serpinb9"	20.428746884825	1.98985111471251	0.85473175728187	2.32804163149434	0.0199098931532989	0.870883280617249
"Dtnbp1"	183.822285314898	-0.576353868018979	0.248515368669926	-2.31918802890811	0.0203848432803808	0.870883280617249
"Mrpl36"	109.387465623271	-0.806826958571275	0.345397084239958	-2.33594027102657	0.0194943547243056	0.870883280617249
"Bdkrb1"	40.1630128253191	-1.4814087161147	0.635061701347074	-2.3327004493774	0.0196638725998749	0.870883280617249
"Trib1"	201.308203083947	-0.601821112991583	0.259951815851581	-2.31512563595705	0.0206060574298535	0.870883280617249
"AC157554.2"	136.676611770483	-0.766056305830914	0.331052830900594	-2.31400016652006	0.0206677130057775	0.870883280617249
"Bambi"	43.2875609028528	1.12635944039861	0.48601920403455	2.31752044167896	0.0204753984307874	0.870883280617249
"Ermp1"	56.3874493379133	-0.945518741567562	0.407278049505057	-2.32155585776499	0.0202568630996455	0.870883280617249
"Scd2"	744.118739507214	-0.528587166082268	0.226030719808547	-2.33856338877296	0.0193580414482087	0.870883280617249
"Inpp5d"	2.48543461559357	-4.80992142765608	2.08080119551465	-2.31157183013173	0.0208012905102061	0.873147605416889
"Rfc1"	106.064050578209	-0.80060030090829	0.346487224637088	-2.31061997090034	0.0208538551600819	0.873147605416889
"Mul1"	113.128685997085	0.739041637645302	0.320430194451303	2.30640448510422	0.021088041615792	0.880158800223675
"Ncstn"	57.3819096833246	1.08551678638268	0.471912300993798	2.30025109346948	0.0214339986820478	0.881301147642205
"Lxn"	162.941323063579	0.695131016716644	0.302076115403038	2.30117834966588	0.0213815521305109	0.881301147642205
"Ddt"	199.376893398418	0.629754500654076	0.273809028056513	2.29997712319441	0.0214495161417202	0.881301147642205
"Cyp4v3"	43.8665997661023	1.08596099918991	0.472064925144549	2.30044839458763	0.0214228297582357	0.881301147642205
"Lsm6"	666.567342654327	-0.606171114183464	0.263247429577185	-2.30266679206352	0.0212975979848755	0.881301147642205
"Fbxo36"	2.67750474148115	4.50320963258694	1.96722940625665	2.28911260591406	0.0220728105784174	0.881931074411904
"Chil1"	53.8711372469068	-1.37405177568015	0.599748497372639	-2.29104663321302	0.0219607166946496	0.881931074411904
"Idh3g"	152.975904154733	0.641515126724306	0.279509273779022	2.29514791423873	0.0217246489712068	0.881931074411904
"Rhoc"	2294.36242866433	-0.508431595328335	0.222719016011846	-2.28283872851384	0.0224398697442305	0.881931074411904
"5730480H06Rik"	197.883203746589	-0.658260141269591	0.286602590956896	-2.29676968052459	0.0216319120342613	0.881931074411904
"4930522L14Rik"	3.74998611755285	-3.27981852097532	1.43497609593226	-2.28562589319268	0.0222761540254709	0.881931074411904
"Thsd7a"	58.1947998622258	-1.12983658326123	0.494790401172168	-2.28346504011522	0.022402989889274	0.881931074411904
"Cdipt"	357.034006009688	0.656029821281804	0.287573827683165	2.28125704820602	0.02253324074852	0.881931074411904
"Lyz1"	3.55516282987329	-3.95025175968321	1.72674227051731	-2.28769042556638	0.022155555669058	0.881931074411904
"Mt3"	2.12548111644825	-4.66935483154896	2.04157076889645	-2.28713836556003	0.0221877481572739	0.881931074411904
"Smim4"	408.695800061275	-0.526679571786359	0.22935585466337	-2.29634239143089	0.0216563120721532	0.881931074411904
"Fbxo34"	41.5891844651948	1.10190019705705	0.481472142733217	2.28860633722606	0.0221022353645423	0.881931074411904
"Zic2"	5.03703146758881	4.18650181601272	1.83422762986305	2.2824330785625	0.0224637842674637	0.881931074411904
"Ifrd1"	1907.73856200299	-0.507936499839806	0.221817246762281	-2.28988731603975	0.0220278497043775	0.881931074411904
"Slc38a1"	107.200010291508	0.810042436298752	0.355089961415383	2.28123158725731	0.0225347465370242	0.881931074411904
"Tmem8"	29.4548178021646	1.22660526483659	0.536752920021949	2.28523258855571	0.0222991932859103	0.881931074411904
"Pcdh20"	8.9769403216858	-2.38879149557416	1.04781177112142	-2.27979066604448	0.0226201068634023	0.8826526314243
"Myo1f"	5.20421317216694	-2.9122111069333	1.27894284117195	-2.27704555135921	0.0227835056174231	0.886406063681988
"Gbx2"	15.1460705273599	-1.90894067068913	0.84306619551649	-2.26428325657115	0.0235566987120819	0.888177486967197
"Gatad2b"	211.05104680737	0.596409558584699	0.263812255729681	2.26073484317506	0.0237756814840271	0.888177486967197
"Slc30a3"	27.1941538450278	-1.64152119034498	0.723921961050243	-2.26753887665393	0.0233573267910302	0.888177486967197
"U90926"	33.096568337917	-1.65991481435169	0.731147843388102	-2.2702861389288	0.0231902275111356	0.888177486967197
"Tcaf2"	119.792406172837	-0.71408174439013	0.316090724451907	-2.25910376088488	0.0238769312639085	0.888177486967197
"Prx"	7.76164832448321	-2.64949201662254	1.17084806835286	-2.26288285238393	0.0236429117174962	0.888177486967197
"Itgal"	3.00454930824058	-3.86384344474692	1.70235475026468	-2.26970520929681	0.0232254751364384	0.888177486967197
"Tnfaip3"	26.2123733081428	-2.89818797424226	1.27911953390407	-2.26576789535576	0.0234655980223164	0.888177486967197
"Parg"	464.505837091189	-0.51664139554773	0.228741217432768	-2.25862833706208	0.0239065136002241	0.888177486967197
"Lca5"	4.04661480188608	-3.55097958961959	1.57087953449347	-2.2605040753584	0.0237899837869671	0.888177486967197
"Pxylp1"	235.549997524205	-0.578716108103098	0.255110041543907	-2.26849599725966	0.0232989927004427	0.888177486967197
"Gm2a"	117.367487799839	0.772223633371793	0.339907606069112	2.27186335222748	0.0230947649956811	0.888177486967197
"Pycr1"	221.935261544002	0.720051349408155	0.316652367430023	2.27394904782223	0.0229690502015534	0.888177486967197
"Zfp935"	19.6964588984697	1.58626203519291	0.701887930154382	2.25999332235846	0.0238216652804605	0.888177486967197
"Cd180"	1.60129815322032	-5.02335197734659	2.22070458923661	-2.26205322477107	0.0236941150641168	0.888177486967197
"Cyth4"	4.65639250784155	-3.79368124893239	1.66863571480583	-2.27352274392248	0.0229946971267351	0.888177486967197
"Arl6ip1"	698.99180077393	-0.512615513206199	0.228024599246236	-2.24807110680477	0.0245716561214116	0.907774713124083
"Palld"	2175.27017595681	-0.465118019922227	0.206882663211604	-2.24822134780087	0.0245620790814132	0.907774713124083
"Dars2"	18.1005539476139	1.49974780827977	0.667851863467796	2.2456294431708	0.0247277529447319	0.909721210594753
"Ppox"	18.8449335773165	1.89007661602169	0.844957210750247	2.23689033240331	0.0252935085704224	0.909721210594753
"Evx2"	21.7704511871226	-1.17939574788895	0.525498341637966	-2.24433771610544	0.0248106806082662	0.909721210594753
"Cd44"	921.742634763039	-0.471807149184665	0.211244066296112	-2.23346935825079	0.025518008805627	0.909721210594753
"Ctdspl2"	54.5534087687976	-0.925382861889255	0.414884082250944	-2.23046123357785	0.0257168383186048	0.909721210594753
"Prrg1"	16.8887216410931	-1.61057460346249	0.721612549253041	-2.23191046930883	0.025620880811608	0.909721210594753
"Rpl36a"	3539.80258398689	-0.620018701947465	0.277899347592184	-2.23109088711262	0.0256751092689517	0.909721210594753
"Cks1b"	1973.12130148103	-0.52746137628109	0.236752063579534	-2.22790614073738	0.0258867746099958	0.909721210594753
"Tmem245"	86.2629841136869	0.80587996258843	0.361084568344482	2.23183163512987	0.0256260926418984	0.909721210594753
"Podn"	108.799793518806	0.94872237575042	0.423734127066858	2.23895673052722	0.0251587316691783	0.909721210594753
"Sesn2"	65.4524455025326	1.05059009796055	0.470729879298056	2.23183219116485	0.0256260558784902	0.909721210594753
"B3gnt8"	21.6196782552102	-1.22353208419903	0.549189190716907	-2.22788813924368	0.0258879753049912	0.909721210594753
"Scyl2"	114.453839420213	-0.623126494712345	0.278874629964436	-2.23443234973297	0.0254546391480868	0.909721210594753
"Selenok"	983.05539964098	-0.450458204002946	0.20087948109876	-2.242430145374	0.0249335853221916	0.909721210594753
"Irgm2"	68.4859154390239	1.29794964875229	0.582449269294625	2.22843381763388	0.0258516000841436	0.909721210594753
"Gas7"	24.0066608655951	-1.50792386202551	0.672142233022513	-2.24345947619543	0.0248672002446542	0.909721210594753
"Pigh"	94.5782682692871	0.762068485912889	0.340220001047144	2.2399285273275	0.0250955632872129	0.909721210594753
"Adamts12"	107.941329577541	0.754965043700627	0.337570265457026	2.23646784374952	0.0253211414014866	0.909721210594753
"Wnt10b"	22.8764572373676	-1.34148443480105	0.602322740933496	-2.22718543338076	0.0259348832499528	0.909721210594753
"Erh"	675.523509679115	-0.570392038406882	0.25624612152098	-2.22595384086694	0.0260172734139326	0.910190501475748
"Mpst"	15.9878741097142	1.54169527080583	0.693702492893775	2.22241564157375	0.0262552292341522	0.913668122346261
"Cdk2ap2"	94.5235138660891	0.856870387080699	0.385511144877008	2.22268642156655	0.0262369521366786	0.913668122346261
"Dusp23"	12.305339667953	2.11338657996612	0.953310186175119	2.216892896577	0.0266304112930017	0.915028375987969
"Apbb2"	155.010886154895	0.620542903381899	0.279743647297932	2.21825556853847	0.0265374118093662	0.915028375987969
"C5ar1"	2.65707040017386	-4.1182059173094	1.85761637288447	-2.2169302431991	0.0266278587179816	0.915028375987969
"Cend1"	18.8404198779904	1.75168951008684	0.790211523541956	2.21673496007153	0.0266412083083918	0.915028375987969
"Itpr3"	61.2623602468176	0.886495590521894	0.399745444504962	2.21765026395664	0.0265786878792454	0.915028375987969
"Kansl3"	287.305330310978	-0.53355647371137	0.241007340785961	-2.21385984331997	0.0268384218808971	0.917025767324228
"Rps24"	8975.44387530621	-0.687825533586575	0.31068752931483	-2.21388201548823	0.0268368962100366	0.917025767324228
"Tmem38b"	21.5570695054014	1.47901648079679	0.66882891277314	2.21135248873198	0.0270114372055136	0.918180013668862
"Lpar1"	1128.30126010488	-0.732739731931208	0.331278229649001	-2.21185597588941	0.026976617960432	0.918180013668862
"Lrrc14"	418.386265331886	0.488511249583627	0.221072261835183	2.20973561100953	0.0271235167467913	0.919619697618073
"Ephb3"	1494.33631652904	-0.565775451142095	0.256189007736948	-2.20842984693171	0.0272143231061322	0.920332583196866
"Egfl6"	29.96013882698	1.40588352691444	0.639339595607377	2.19896207989252	0.0278806187394304	0.920367759430738
"Ttll7"	40.8514357040218	-0.944394778856787	0.430238521481188	-2.19504933125352	0.0281600592523605	0.920367759430738
"Car9"	31.9978235331809	1.70541788129689	0.773795114075924	2.20396568842841	0.0275267572083395	0.920367759430738
"Rpa2"	460.026677736626	-0.627266948251151	0.285339574205474	-2.19831739077123	0.0279264959544478	0.920367759430738
"Gpn2"	62.2381340593301	1.03121968387014	0.468267205547765	2.20220351041634	0.0276509362116406	0.920367759430738
"H6pd"	127.540250949273	0.760433174453952	0.34676657798789	2.19292522037838	0.0283127672923706	0.920367759430738
"Letm1"	125.687104637373	-0.713292767579954	0.325328028769908	-2.19253401029408	0.0283409701076158	0.920367759430738
"Plac8"	19.5023363325449	2.48149705789662	1.12434789648418	2.20705447633799	0.0273102536782836	0.920367759430738
"Mapk3"	550.001469455685	0.470091889266915	0.214325062852776	2.19335939068325	0.0282814957355765	0.920367759430738
"Gpc6"	51.8833789955692	0.953753912520396	0.435167638458893	2.19169310451951	0.0284016739774289	0.920367759430738
"Cyfip2"	3.98657915216511	-3.55637953278187	1.61510945248309	-2.20194335889389	0.0276693097076578	0.920367759430738
"Eral1"	16.976711897011	1.73595084414004	0.787435805320656	2.2045617336808	0.0274848634838774	0.920367759430738
"Tk1"	130.323085297525	-0.901850375556299	0.41095877040185	-2.19450329451404	0.0281992473639448	0.920367759430738
"Immp2l"	11.7982304550819	2.13085065742091	0.969652508705223	2.19754049857122	0.0279818674268644	0.920367759430738
"Fam84b"	4.38244214142095	-3.07217393756668	1.39315021998371	-2.20519933421294	0.0274401098972164	0.920367759430738
"Ypel1"	11.6277414913692	1.90914750412599	0.870165706446191	2.19400453268041	0.0282350836967909	0.920367759430738
"Fyttd1"	195.955899011067	0.568722496667473	0.25854903423589	2.19966977772036	0.0278303325409269	0.920367759430738
"Atp11c"	270.632038339279	1.54298981705202	0.705308752557232	2.18767995074159	0.0286929234921445	0.927526882200719
"Tmem26"	213.73149426454	0.600486639593559	0.274617539331532	2.18662886957349	0.0287696280561999	0.927732578076335
"Prr14"	127.972322377421	0.655804508738685	0.300118658005133	2.18515074370174	0.0288777956835947	0.928949383587634
"Tuba4a"	281.337188259251	-0.822958538918228	0.38033955318221	-2.16374692569503	0.0304837774482708	0.930989813841463
"Kdm5b"	128.309180198115	0.736160797065647	0.339338712977102	2.16939821161908	0.0300524646353773	0.930989813841463
"Optn"	39.1783741689258	-1.09110195182135	0.505308766399941	-2.15927770181958	0.0308286289881048	0.930989813841463
"Itch"	43.3003716659558	1.09009282918992	0.500334227857288	2.17872927434588	0.0293517856955469	0.930989813841463
"Atp6ap1"	2131.1689068904	-0.414735228725896	0.191700960325262	-2.16344888425289	0.0305066711824885	0.930989813841463
"Zc3h12a"	50.5209884064851	-1.02856028541734	0.476720300277844	-2.15757601431673	0.0309608112212235	0.930989813841463
"Brap"	195.685933052316	-0.585326256885067	0.268552160223089	-2.17956264585185	0.0292898962457044	0.930989813841463
"Fam220a"	92.6840578587946	0.782137717310558	0.361122346941358	2.16585244290509	0.0303224643940545	0.930989813841463
"Lnx2"	52.2290966634976	0.910247430383315	0.421953317413596	2.15722306904177	0.030988287836561	0.930989813841463
"Tpd52l1"	7.64601556834122	3.46891959218622	1.6058836694042	2.16013130856061	0.0307625059261541	0.930989813841463
"Mif"	1450.90361016445	0.51619937405943	0.237492134761639	2.17354302944608	0.0297394709250848	0.930989813841463
"D10Wsu102e"	152.740328714465	-0.677093574661363	0.313853736605139	-2.1573538744043	0.0309781022635242	0.930989813841463
"Nabp2"	55.2716213683778	0.988133066450473	0.453398701990844	2.17939103511246	0.0293026315470612	0.930989813841463
"Kbtbd11"	2.35040862588279	-4.53933756788525	2.08445507959691	-2.17770947060325	0.0294276733845397	0.930989813841463
"Foxc2"	21.2501176957205	-1.3102009720977	0.606437023611134	-2.16048974763427	0.0307347764331621	0.930989813841463
"Kcnma1"	5.74184581341588	3.22972676016606	1.49524062321372	2.16000469090013	0.0307723064296973	0.930989813841463
"Oaz2"	976.894241975897	-0.476601417169624	0.218380905759489	-2.18243172640067	0.0290776849483227	0.930989813841463
"Topbp1"	79.7780811457095	-0.699041468566732	0.322914566526309	-2.16478765912153	0.0304039503265023	0.930989813841463
"Cck"	13.2417074881245	2.79877253308674	1.29377880741224	2.16325427271817	0.0305216280277054	0.930989813841463
"Tmem17"	25.9157538385079	-1.24999632157571	0.577424003352422	-2.16478067125448	0.0304044857157516	0.930989813841463
"Hist1h2ag"	3.24154858645393	-3.48152054379495	1.60293269597215	-2.17196926143144	0.029857981527664	0.930989813841463
"Ctsl"	1678.59735731281	0.491582044742546	0.227085248429733	2.16474671138604	0.0304070877335376	0.930989813841463
"Rrm2b"	23.7826810379636	1.35238989720095	0.625864585522854	2.16083467332018	0.0307081126272404	0.930989813841463
"Tuba1c"	4103.16965867727	-0.713534344951063	0.329925943037414	-2.16271063251957	0.0305634428039563	0.930989813841463
"Csrnp2"	24.6474788533034	-1.23090773633823	0.567155488184945	-2.17031794980505	0.029982767739457	0.930989813841463
"P3h2"	15.5189159012476	-1.56553432554874	0.720309361523171	-2.17341937947086	0.0297487675662532	0.930989813841463
"Eaf2"	4.10090073914895	-3.6071240468425	1.66384642502519	-2.16794290181432	0.0301630311258285	0.930989813841463
"Snrpd1"	1156.297899213	-0.652832462630257	0.301306229227904	-2.16667429778381	0.0302596977310066	0.930989813841463
"Macrod1"	15.9630387410761	1.67395991351194	0.772770136324968	2.16618090532422	0.0302973656708213	0.930989813841463
"Lyplal1"	26.4487115286794	1.30502681173397	0.606072438639966	2.15325219979062	0.0312988632397753	0.931839310020804
"Atp8b4"	27.7132956008035	2.45283058302449	1.13932064348237	2.15288873861473	0.0313274237479231	0.931839310020804
"Il18bp"	8.86554439803045	-2.13626568719619	0.991289537492388	-2.15503705668093	0.0311589345256109	0.931839310020804
"Asb16"	3.52812206090658	4.20808228159276	1.95199358000763	2.15578694760682	0.031100305139105	0.931839310020804
"Tubb2b"	1420.56711515674	-0.651836557986424	0.302848825231323	-2.15234963347979	0.0313698274053558	0.931839310020804
"Tubb4b"	2334.05622946644	-0.573355813340169	0.26652816754313	-2.15120157327232	0.0314602929217806	0.932426524371606
"Ptrh1"	71.7764289632745	0.830345524825657	0.386692077550736	2.14730420670879	0.031769071149425	0.933221959360181
"Zfp106"	429.618523646665	-0.537816287337089	0.250290868395267	-2.14876511790176	0.0316530238178954	0.933221959360181
"Uvssa"	126.277504094283	0.678738483430631	0.316090665278574	2.14729050233879	0.0317701614794694	0.933221959360181
"Zfp219"	97.8337726022155	0.827791664338475	0.385317065194781	2.14833896318612	0.0316868377598677	0.933221959360181
"Fbxo30"	79.5496418116236	-0.70685650542695	0.32939634187094	-2.14591486175005	0.0318797718705209	0.934360691556223
"Dact1"	132.156609631411	-0.737181941678041	0.344044966878272	-2.14269067316095	0.0321379447984916	0.939838922277839
"Slc7a2"	812.197471412303	0.638115500331938	0.297956181285893	2.14164209508263	0.0322222936098742	0.940220863762457
"Prg4"	1318.08074570701	-0.476041827840472	0.222500632721089	-2.13950774889348	0.0323945690295145	0.941808985019193
"2700081O15Rik"	35.6338148118908	1.02538628942298	0.479331836126782	2.13919921887219	0.0324195374326115	0.941808985019193
"Tspan6"	159.881219886954	0.647249594715888	0.3032627894091	2.13428622739056	0.0328193579737731	0.947377160788874
"Med13l"	248.645410039511	0.635457879837711	0.297727357590941	2.13436173611829	0.0328131812532729	0.947377160788874
"Pygl"	155.133645994362	-0.614751540014575	0.288048240880458	-2.13419647395	0.032826701226819	0.947377160788874
"Serbp1"	3667.58254331491	-0.454543520088813	0.213388906453607	-2.13011785684199	0.0331618844382449	0.952910706566765
"Pctp"	13.9756879488621	-1.62827290403379	0.764409665674522	-2.13010506950744	0.0331629398979563	0.952910706566765
"Copa"	748.93966556542	0.440069859872151	0.206982096496207	2.12612524136944	0.0334928327248763	0.956686721499577
"Clasrp"	88.3327848862969	-0.729119194360811	0.342891915506122	-2.12638199207643	0.0334714659521692	0.956686721499577
"Entpd3"	2.87406018022965	4.51334567490789	2.12303270803765	2.12589549742719	0.0335119618873913	0.956686721499577
"Nhlrc1"	17.9750244526237	1.62530115226787	0.764869012271274	2.12494051424772	0.0335915768190132	0.956888351330379
"Oxtr"	18.1905224532062	1.38441157027858	0.652923212876395	2.1203283065702	0.0339783681087682	0.960097731871862
"Asb7"	39.4426453169422	1.17948068064528	0.556890248629476	2.11797689679074	0.0341770243520623	0.960097731871862
"Slc38a7"	22.386362736253	1.46442547060124	0.691197968798915	2.11867733515761	0.0341177450497878	0.960097731871862
"Rpl36a-ps1"	2051.38639710813	-0.68598076938069	0.323854786247296	-2.11817394249308	0.0341603391436228	0.960097731871862
"Jmjd6"	332.483188166112	-0.533334177419213	0.25194392904852	-2.11687647895855	0.0342703323818163	0.960097731871862
"Hpcal1"	77.2165106272117	0.779602601935277	0.368313028771344	2.11668483337653	0.0342866048761579	0.960097731871862
"Fsd1"	12.3333367293368	2.04160284279431	0.962490119734288	2.12116758492848	0.0339077020593984	0.960097731871862
"Gramd3"	134.757822801675	-0.659326715265169	0.310663858041648	-2.12231548085899	0.0338112543303876	0.960097731871862
"Nek7"	164.735882543485	0.561048352451	0.269640373626999	2.08072828599145	0.0374587834868868	0.96457726032027
"Sft2d2"	115.725254321123	0.676273360750299	0.330116055238737	2.04859276008622	0.0405019531878652	0.96457726032027
"Kyat1"	86.0587690193412	0.746734867267986	0.353333110100114	2.11340190297027	0.0345663832314864	0.96457726032027
"Fnbp1"	637.526308083936	-0.584652514024695	0.278590634788778	-2.09860792509399	0.0358514771736903	0.96457726032027
"Ass1"	102.290758720497	-1.08091144067243	0.518621791342551	-2.08419981326718	0.03714199574139	0.96457726032027
"Garnl3"	25.2756619135762	1.20452056026252	0.57138630837944	2.10806689379514	0.035025203599443	0.96457726032027
"Map3k20"	271.264094086227	0.662189587662359	0.322003412641654	2.05646760768739	0.0397374654526058	0.96457726032027
"Jmjd7"	4.60553876873423	-2.75578770525209	1.33540556019488	-2.06363354129656	0.039052474906956	0.96457726032027
"Ppip5k1"	16.2896763703969	-1.38523747507498	0.666656302098795	-2.07788851723732	0.037719628380369	0.96457726032027
"Frmd5"	17.3453413822464	1.57275704892248	0.747532101695923	2.10393245367573	0.0353843395391885	0.96457726032027
"Ttl"	283.531962351841	-0.741396835778225	0.361660631130179	-2.04997937835086	0.04036644319772	0.96457726032027
"Sirpa"	367.298271840001	-0.53573013361288	0.258417863626607	-2.07311571303355	0.0381615120101793	0.96457726032027
"Slc4a11"	10.0831353028284	1.95943219000784	0.954413174544969	2.05302299074196	0.0400703477957844	0.96457726032027
"Polr3f"	310.434046722693	-0.483031824939379	0.234203824571259	-2.06244208788491	0.039165665778554	0.96457726032027
"Gm14327"	1.95692832115297	-4.03561236233081	1.95665706490151	-2.06250366235432	0.0391598092396725	0.96457726032027
"Gria3"	43.1645560668821	-0.92921738508678	0.439853959365545	-2.11255887392057	0.0346385418770944	0.96457726032027
"Diaph2"	63.5068412981161	-0.841331724717782	0.410592589128264	-2.04906699973331	0.0404555638559387	0.96457726032027
"D330045A20Rik"	3.95541285153055	-3.02030280341874	1.44522318256878	-2.08985216944165	0.0366310813066882	0.96457726032027
"Tbl1xr1"	1419.18087544455	-0.489656707483456	0.233533301618511	-2.09673183263317	0.0360173209270304	0.96457726032027
"Pear1"	43.5348698406167	0.877204224828459	0.425258617607257	2.06275472973153	0.0391359371401284	0.96457726032027
"Frrs1"	156.279615324809	-0.76032903130306	0.366436030314577	-2.07492977874019	0.0379930433437118	0.96457726032027
"Npr2"	105.870082483024	0.746371197331249	0.35540302876029	2.10006988385756	0.0357226940899933	0.96457726032027
"Mrps15"	292.790634724839	-0.691124176018677	0.332544486315927	-2.07829088876274	0.0376825751285128	0.96457726032027
"Mad2l2"	66.994876066624	0.970691468789786	0.472957963330583	2.05238423718284	0.0401323352090204	0.96457726032027
"Fam213b"	51.2259041070916	-0.868712077202252	0.421311396363938	-2.06192399422264	0.0392149727400268	0.96457726032027
"Gm35315"	2.22564085414521	4.33971577866197	2.08699908833535	2.07940473137602	0.0375801660014472	0.96457726032027
"Pop5"	65.9242050460458	-0.748312052525679	0.35595407850888	-2.10227132572948	0.0355295149001977	0.96457726032027
"Arl6ip5"	293.804105178836	-0.616180434853049	0.294549165588022	-2.09194425529245	0.0364435026129981	0.96457726032027
"Pirb"	2.05246275113748	-4.33137245162979	2.08112562688402	-2.08126429066897	0.0374097217815258	0.96457726032027
"Dmpk"	71.3644080767165	0.881291538417587	0.427826552315676	2.05992716825887	0.0394055039936165	0.96457726032027
"Xrcc1"	98.7068663486499	0.698053520749754	0.340773018186943	2.04844128934766	0.0405167793022541	0.96457726032027
"Nfkbib"	76.0968794242652	-0.815738327933812	0.396706053480935	-2.05627900249073	0.0397556310398032	0.96457726032027
"Catsperg1"	16.4004068883151	1.63930931494844	0.795641871457903	2.06036079014372	0.0393640624027627	0.96457726032027
"Josd2"	145.31371327703	0.647838142594993	0.313948130734423	2.06351966829519	0.0390632810875918	0.96457726032027
"Gab2"	116.456678792837	-0.707523220051538	0.341896044755432	-2.0694103687501	0.038507594340156	0.96457726032027
"Apbb1"	30.1424228987614	-1.02382618254578	0.495051461779938	-2.06812071388427	0.0386286733562294	0.96457726032027
"Arfip2"	111.946911273364	0.686129761535138	0.333085660835501	2.05991984108254	0.0394062045758313	0.96457726032027
"Mrpl17"	1018.11554374189	-0.421310085085807	0.199818249912139	-2.10846649528288	0.0349906579295906	0.96457726032027
"Fus"	8085.71418244986	-0.476566019210145	0.231708274490486	-2.05675011070748	0.0397102692351552	0.96457726032027
"Tgfb1i1"	234.312053008297	-0.578911153510654	0.276825795205582	-2.09124714364401	0.0365059152651012	0.96457726032027
"Mcm9"	38.7126267345608	-0.924317858867432	0.44732050143337	-2.06634360800723	0.038796046561769	0.96457726032027
"Acss3"	3.58306869328983	4.29904717893694	2.04694251518026	2.10022858338958	0.0357087381122598	0.96457726032027
"Nup107"	570.206850840897	-0.530153346146184	0.251516061954318	-2.10783097519424	0.0350456125005451	0.96457726032027
"Mettl21b"	29.7137721281834	-1.34324078371017	0.637126258625705	-2.10828036911799	0.0350067449721367	0.96457726032027
"Hp"	311.076289438351	-1.38573897519329	0.668232785954841	-2.07373688379148	0.0381037537478635	0.96457726032027
"Rpp14"	234.255193745465	-0.583510717195042	0.278277235828267	-2.09686830997251	0.0360052345135464	0.96457726032027
"Samd4"	139.074646432649	0.784967606998973	0.377437315451469	2.07972973223392	0.0375503293799536	0.96457726032027
"Spry2"	163.077058078093	-0.638380624107691	0.307690023241598	-2.07475243227641	0.0380094852130024	0.96457726032027
"Kdelc2"	131.012466403292	-0.720744167362698	0.344204687783465	-2.09394059100122	0.0362652727916117	0.96457726032027
"Clk3"	218.945895807534	-0.587267431767354	0.280233528645349	-2.09563585987091	0.0361145056058595	0.96457726032027
"Fem1b"	108.969822985876	0.635017208516866	0.306092927705872	2.07458961327934	0.0380245855620758	0.96457726032027
"Usp3"	38.1403129850533	1.15326204345145	0.549105358351175	2.10025640054653	0.035706292360921	0.96457726032027
"Adamts7"	23.5454652560169	1.80220914820067	0.877141724185972	2.05463849057369	0.0399139350494982	0.96457726032027
"Dag1"	304.679845606557	0.645348552437743	0.306792964441063	2.10353113414281	0.0354193666687022	0.96457726032027
"Qars"	111.31365713487	0.610865976861322	0.297790049584368	2.05133105593663	0.0402347180895007	0.96457726032027
"Vps54"	45.296530949032	-0.872130890598189	0.425475660242101	-2.04977857041678	0.0403860437089165	0.96457726032027
"Nxn"	504.383522139071	-0.492418639220803	0.23403341206823	-2.1040527284935	0.0353738477233399	0.96457726032027
"Utp6"	210.036382172872	-0.738539564985874	0.350154985622647	-2.1091790644437	0.0349291282940716	0.96457726032027
"Gaa"	209.771866961058	0.644499035405428	0.313979615701665	2.05267795479377	0.0401038214852368	0.96457726032027
"Slc38a10"	496.355969589806	-0.455807935340739	0.218061791267378	-2.0902696097816	0.0365935876019061	0.96457726032027
"Hist1h4i"	47.5713441297139	-0.956104982575937	0.466021515087654	-2.05163270712105	0.0402053710686831	0.96457726032027
"Sox4"	670.113233320556	0.484399985492331	0.230321261720962	2.10314923543268	0.0354527262197102	0.96457726032027
"Ppp1r3g"	1.63468574889327	-5.0347107133259	2.40691175199221	-2.09177204322454	0.0364589123574132	0.96457726032027
"Nsun2"	1488.10264926237	-0.565951531300146	0.273075439344549	-2.07250982607068	0.0382179208425021	0.96457726032027
"Isl1"	1.7053097638397	-4.70852647395746	2.26099770607751	-2.08249944761157	0.037296873291727	0.96457726032027
"Prkd1"	44.30355510735	1.01936356839232	0.49746296656855	2.04912453166873	0.0404499392431303	0.96457726032027
"4930447C04Rik"	12.6596829485386	1.88384428815372	0.909304576072517	2.07174178787315	0.0382895280345578	0.96457726032027
"Ago2"	330.941737804014	0.494345117916499	0.24011714912006	2.05876639685291	0.0395166221727828	0.96457726032027
"Maf1"	143.704731413982	0.682872003757979	0.327716782247543	2.08372607308883	0.0371850911700885	0.96457726032027
"Ppil2"	96.3222755042872	0.749835374404495	0.35927902954928	2.0870557776366	0.0368830928685762	0.96457726032027
"Tmem45a"	543.159651455062	-0.472792852204532	0.23001124882965	-2.05552056523414	0.0398287513989616	0.96457726032027
"Ezr"	46.9888813987221	1.05063062760877	0.506252892397744	2.0753079012205	0.0379580076370378	0.96457726032027
"Neurl1b"	68.3283635958881	-0.745337732630562	0.358846464175607	-2.07703797317011	0.0377980545920004	0.96457726032027
"Ip6k3"	3.01342809066511	4.06783154737205	1.96437892085236	2.07079779984963	0.0383776959361423	0.96457726032027
"Kank3"	5.2906143156162	3.56972732320092	1.73402887040257	2.05863200096096	0.0395295047695893	0.96457726032027
"Nfya"	17.7188980293671	1.65525291900428	0.8022358495624	2.0632996143306	0.0390841706951622	0.96457726032027
"Rab31"	355.202928886688	0.562774761333629	0.27094092923706	2.07711239094936	0.0377911872105677	0.96457726032027
"Cyp1b1"	776.093476657869	-0.536563477045426	0.260347466527396	-2.0609514054517	0.0393076763517084	0.96457726032027
"Smim3"	504.253722294357	-0.448377366682516	0.217577671499522	-2.06076921217304	0.0393250630272579	0.96457726032027
"Tcirg1"	127.062224358951	-0.696718072825559	0.331465860084273	-2.10193011325035	0.0355593982163279	0.96457726032027
"Ms4a4d"	58.1275320607094	-0.849155806288791	0.402447194232826	-2.10998068431689	0.0348600196624109	0.96457726032027
"Neurl1a"	38.5589813341017	-1.05069452611138	0.51093690605445	-2.05640757921568	0.0397432463552551	0.96457726032027
"Shtn1"	5.59429876366034	-2.75906805022636	1.32918455160476	-2.07575994386578	0.0379161587724079	0.96457726032027
"Cops5"	677.102830025077	-0.544313500325005	0.275751648226031	-1.9739265524855	0.0483900950548101	0.967474184815196
"Slc40a1"	7.52698673466359	2.09219978967231	1.04346099416437	2.00505797664989	0.0449568493356272	0.967474184815196
"Casp8"	34.1731427919773	-0.992659198797769	0.487743774622887	-2.0352062915929	0.0418301202689206	0.967474184815196
"Cyp20a1"	251.641711421029	-0.481209682612259	0.239121594300492	-2.0124057972261	0.044177177891029	0.967474184815196
"Epha4"	20.2442530170675	1.29324399636689	0.636569508333634	2.03158332190973	0.0421958565260408	0.967474184815196
"Erfe"	20.332730210206	-1.36121263907382	0.690055109273774	-1.97261439090914	0.048539512165027	0.967474184815196
"Tnfrsf11a"	2.59878882280693	-3.86966530082194	1.93020003501889	-2.00480014020104	0.0449844175610237	0.967474184815196
"Insig2"	244.594661585402	-0.509792321927682	0.255911172899588	-1.99206746681478	0.0463636559209293	0.967474184815196
"Rbbp5"	108.972397642679	1.01660049942882	0.500439204418897	2.03141658457651	0.042212753462657	0.967474184815196
"Cd84"	2.22115862816661	-4.07985204497964	2.06540018462763	-1.97533246842195	0.0482304309416671	0.967474184815196
"Atf3"	6.96949629753692	3.02942093902274	1.53688508872436	1.971143425913	0.0487074727968224	0.967474184815196
"Ehmt1"	751.74555121758	-0.574230429431335	0.288838970172443	-1.9880642459309	0.0468045850267787	0.967474184815196
"Tor4a"	72.3073715193221	-0.694236078576408	0.350854465888207	-1.97870098879577	0.0478496815787182	0.967474184815196
"Npdc1"	253.827332606494	0.496581809497951	0.251356395198362	1.97560841492044	0.0481991448411963	0.967474184815196
"BC005624"	44.8786685987022	0.915660178883879	0.458544340858765	1.9968847007664	0.045837709537086	0.967474184815196
"Lmx1b"	10.932281254412	1.88671693983319	0.930212607749027	2.02826420983344	0.0425332896742742	0.967474184815196
"Tmem127"	272.212103461522	-0.535768010560659	0.267195794862021	-2.00515135665712	0.0449468685325746	0.967474184815196
"Fahd2a"	13.3773907742356	1.7730163347725	0.891816731803076	1.98809494321531	0.0468011905399138	0.967474184815196
"Tasp1"	22.8708787413794	1.2006328005132	0.608132506035226	1.97429472787244	0.0483482400376763	0.967474184815196
"Bcl2l1"	122.902548313308	0.662981402044214	0.335678289709968	1.97504998794245	0.0482624755169831	0.967474184815196
"Cpne1"	111.254182613862	0.70851600854162	0.35475852485398	1.99717824633883	0.0458058233087027	0.967474184815196
"Sulf2"	320.521545867911	0.611205420031311	0.303316305167124	2.0150760431245	0.0438966819786724	0.967474184815196
"Pfdn4"	88.8782506906242	0.714018700372226	0.349328302159018	2.04397609915728	0.0409559083695997	0.967474184815196
"Jade3"	7.74348160156527	2.15064998657485	1.05256012637954	2.0432561833521	0.0410270846425275	0.967474184815196
"Plxnb3"	8.93951284853463	2.63021392218174	1.3162590936009	1.99824938339932	0.0456896300783831	0.967474184815196
"Phka2"	18.4637496934903	1.30747398995264	0.662903573406812	1.9723441574364	0.048570331976469	0.967474184815196
"Il7"	3.69414410602469	3.74039213926908	1.87657337444803	1.99320324491403	0.0462391959405703	0.967474184815196
"Fabp4"	786.567712069337	-0.713185312205736	0.357294685653249	-1.99607030510909	0.0459262707366396	0.967474184815196
"Erich6"	2.11445171634002	-4.32981334309915	2.128406954575	-2.03429768625415	0.0419215903335536	0.967474184815196
"Hax1"	17.8331146249178	1.53458485060778	0.759664164909657	2.0200832440086	0.0433747535971879	0.967474184815196
"Dnajb14"	346.191517501284	-0.491121561359718	0.241631372417393	-2.03252399076456	0.0421006375831887	0.967474184815196
"Pigo"	41.7383761774575	0.927515609794887	0.465390000432563	1.99298568712864	0.0462630143877769	0.967474184815196
"Ebna1bp2"	285.477623210922	-0.615142594606841	0.307257721526047	-2.0020411254488	0.0452803086394641	0.967474184815196
"Ppie"	31.5240438833753	1.14512392381197	0.576385032652441	1.98673431636882	0.0469518468587649	0.967474184815196
"Med18"	66.2235211277119	-0.809736355755327	0.408150040262525	-1.983918353247	0.0472649425644128	0.967474184815196
"Tnfrsf1b"	89.5222691819758	-0.709197079859739	0.354825972063345	-1.99871806377559	0.0456388674148949	0.967474184815196
"Mthfr"	119.784268713131	0.72993999471678	0.360528001300264	2.0246416147545	0.0429041778350573	0.967474184815196
"Rhof"	3.44123540795354	3.98593722245229	2.01332540128899	1.97977794344639	0.0477284858386155	0.967474184815196
"Tes"	167.978768462391	0.571016714532498	0.282615051814101	2.02047523961357	0.0433341159386227	0.967474184815196
"Cav2"	221.262023994848	-0.571021149228273	0.284795045689439	-2.00502486918594	0.0449603884334685	0.967474184815196
"Cep41"	68.3236910637639	0.709682869638561	0.356115306717511	1.99284573353517	0.0462783421089128	0.967474184815196
"Tmem176b"	294.861073088772	-0.573323059982023	0.287042276470392	-1.99734710521348	0.0457874895727442	0.967474184815196
"Spr"	424.829005631728	-0.534968004997604	0.264399368157099	-2.02333314457749	0.0430388118829997	0.967474184815196
"Cdca3"	276.874526135219	-0.520899845107543	0.260755401155682	-1.99765697200858	0.0457538620798219	0.967474184815196
"Selenow"	77.3601725590499	0.753480181513645	0.378626345824088	1.99003632426497	0.0465869342437543	0.967474184815196
"Arhgap35"	143.322936423931	-0.58032688770399	0.293810577326028	-1.97517357266559	0.0482484538704696	0.967474184815196
"Six5"	29.3090601396371	1.10741066723734	0.557613283001633	1.98598329881266	0.0470351783970905	0.967474184815196
"Alkbh6"	27.9710967065033	1.16312859059512	0.586449175530134	1.98334082325836	0.0473293723403727	0.967474184815196
"Tpp1"	483.820390517476	0.550945899239041	0.271531008715279	2.02903492255189	0.0424547334274427	0.967474184815196
"Cyb5r2"	35.0146738967484	1.14255263207737	0.576948028355946	1.98033891429207	0.0476654589190083	0.967474184815196
"Cd164"	576.485285048128	-0.44250471445973	0.218442400255605	-2.02572721203367	0.0427927465138591	0.967474184815196
"Ank3"	170.841189403666	-0.539628321872027	0.272382658013706	-1.98114052416976	0.0475755168432287	0.967474184815196
"Nudt4"	397.830698888044	-0.556000196777047	0.278559067007946	-1.99598671387418	0.0459353689895923	0.967474184815196
"Lgr5"	57.0991604610294	0.832174577180583	0.422134021570594	1.97135159607461	0.0486836734982693	0.967474184815196
"Ppm1h"	42.021831718778	1.08497044000136	0.539575087993482	2.01078675451092	0.044347985790236	0.967474184815196
"Atp11a"	161.73904085231	-0.526898041157197	0.260853467182382	-2.01990047074515	0.0433937124594326	0.967474184815196
"Angpt2"	3.94462984033853	3.32543737937197	1.66299579354805	1.9996667413554	0.045536261803615	0.967474184815196
"Adam3"	2.12796716300084	-3.81570403577215	1.91981097883679	-1.98754152249097	0.0468624192707433	0.967474184815196
"Prag1"	21.2521810851338	-1.20353377953927	0.609930276004578	-1.97323173957384	0.048469165882215	0.967474184815196
"Mmp2"	1774.54572107801	0.459599430095442	0.22660032779376	2.02823815203721	0.042535947807879	0.967474184815196
"Chmp1a"	465.947705472725	-0.449034939129891	0.225131114735217	-1.99454855299772	0.0460921394730458	0.967474184815196
"Rpl15"	291.643785470425	0.471739366524044	0.232485414048936	2.02911381969429	0.0424466986262548	0.967474184815196
"Arhgef3"	33.5030367472146	-1.14846647289664	0.561618416970938	-2.04492309759148	0.0408624403701555	0.967474184815196
"Tnnc1"	7.08881154194999	-1.99019492112989	0.994819859375308	-2.00055809338148	0.0454400335177739	0.967474184815196
"Anxa8"	311.406174597229	0.520499689941264	0.255511447401924	2.03708951295051	0.0416410726283449	0.967474184815196
"Pnp2"	9.79399304731724	2.52062738809789	1.23815220561387	2.03579768034107	0.0417706754715152	0.967474184815196
"Slc25a37"	347.882999590317	-0.564818179331869	0.281331853613226	-2.00765811648324	0.0446796342468283	0.967474184815196
"Ccdc122"	40.3150878231838	0.975281224219662	0.489576022652008	1.99209352397737	0.0463607973867091	0.967474184815196
"Kbtbd6"	3.34234122005141	-3.2160661332362	1.62521259479364	-1.97885873118314	0.0478319137930115	0.967474184815196
"Gpr183"	1.62364893191542	-4.71535059008892	2.31250798551408	-2.03906348415946	0.0414436920199356	0.967474184815196
"Ecsit"	50.4622474752109	-0.859197287921653	0.435699485657978	-1.97199518522296	0.0486101561601182	0.967474184815196
"Acsbg1"	3.35182311561592	-3.73474472547282	1.88142920474976	-1.98505727244176	0.0471380998457296	0.967474184815196
"Pml"	55.1317547798994	-0.774776505079033	0.392074829226674	-1.97609345799422	0.0481441932348559	0.967474184815196
"Plod2"	876.62104958117	0.529962319357831	0.259838390782318	2.03958436535197	0.0413917405700529	0.967474184815196
"Stk10"	10.9980818415939	2.08925607122338	1.0382826464284	2.01222285512547	0.0441964502885265	0.967474184815196
"Ifi47"	8.61249635919043	3.4126416174327	1.70156023257269	2.0055955423176	0.0448994178948209	0.967474184815196
"Lrrc75a"	25.4525861736643	-1.0977400701037	0.536938291015949	-2.0444436324827	0.0409097405818962	0.967474184815196
"Senp3"	736.536311566219	-0.536860052754508	0.264021089773183	-2.03339836683394	0.0420122922179454	0.967474184815196
"Tax1bp3"	28.2648339407641	-1.04442472867807	0.52838012911057	-1.97665406236257	0.0480807467053326	0.967474184815196
"Vps25"	204.756625033075	0.727415044432554	0.359517870163729	2.02330705870415	0.0430414995954646	0.967474184815196
"Cntd1"	5.45664850391346	3.43767240325365	1.70632682084211	2.01466235029763	0.0439400396419114	0.967474184815196
"Arl16"	35.4799390094484	1.10810767301889	0.549123771308552	2.01795611648407	0.0435958318582444	0.967474184815196
"Alyref"	566.958291073764	-0.631109565324721	0.312157142238269	-2.02176878222122	0.0432002442609503	0.967474184815196
"Ctla2a"	8.3070044584055	2.9906985342739	1.48490178634834	2.01407161185293	0.0440020154973056	0.967474184815196
"Ccdc127"	197.61716085074	-0.598069838878413	0.292433561338131	-2.04514774618117	0.0408402942775837	0.967474184815196
"Rhoj"	897.266407705556	-0.503929519151906	0.24936031020012	-2.02088904504284	0.0432912521922861	0.967474184815196
"Isca2"	55.4569283411746	-0.883747693720503	0.436849928953205	-2.0230006580021	0.0430730796779674	0.967474184815196
"Vipas39"	30.1832054864724	1.06617457533139	0.526924888107825	2.02339004931043	0.0430329492953208	0.967474184815196
"Ifi27l2a"	2.45953991278102	-3.86747813845407	1.91975469764603	-2.01456891507873	0.0439498372562861	0.967474184815196
"Fbxl7"	50.8211410015123	0.886482452883098	0.435702372266645	2.03460552273647	0.0418905812327816	0.967474184815196
"Ext1"	434.487457988258	0.443731990517025	0.218244008333276	2.03319208580247	0.0420331203251781	0.967474184815196
"Mtss1"	166.804894333653	-0.632367553072713	0.317718019531828	-1.99034210903283	0.0465532623464583	0.967474184815196
"Gsdmd"	35.9184985600974	-0.963160433578174	0.472351770783564	-2.03907446346698	0.0414425964005262	0.967474184815196
"Tnrc6b"	85.3733962168284	0.651777038537204	0.326772538631144	1.9945893901229	0.0460876817078872	0.967474184815196
"Tmbim6"	650.426338660357	0.509635227862864	0.255799934429525	1.99231961884366	0.0463360004576892	0.967474184815196
"St6gal1"	11.8013832716305	-1.61084288586019	0.811279801181373	-1.98555773669517	0.0470824531940375	0.967474184815196
"Tfrc"	337.618509597306	-0.469966473179971	0.236759184565795	-1.98499785358641	0.0471447103043944	0.967474184815196
"Ifngr2"	150.554526897598	0.63289388046475	0.315654204333675	2.00502281222817	0.0449606083244107	0.967474184815196
"Slc5a3"	119.084965931169	0.648019241961641	0.328052701919451	1.97535102795999	0.0482283261742428	0.967474184815196
"Runx1"	461.368073650478	0.499362134665869	0.247216667583602	2.01993716502548	0.0433899056419796	0.967474184815196
"Msrb1"	365.749032093822	0.568093539375443	0.287099100252975	1.97873674586535	0.0478456534881082	0.967474184815196
"Gm7334"	178.834321154359	-0.613249466767562	0.308280193396434	-1.98926003001092	0.0466725090079533	0.967474184815196
"Clip4"	50.9008918663948	0.959699614566866	0.483130513866159	1.98641896345369	0.0469868227031789	0.967474184815196
"Plekhh2"	44.2473859206851	0.873928351963486	0.441381160770615	1.97998562158312	0.0477051443552871	0.967474184815196
"Zfp521"	84.5971861417263	0.655507562129589	0.329649912195147	1.98849609200423	0.0467568507911664	0.967474184815196
"Mex3c"	171.875822719773	0.537875564626265	0.269752824712549	1.99395711685107	0.0461567411411157	0.967474184815196
"Ppp1ca"	795.93594456328	0.482903425902177	0.244888873510313	1.97192881399669	0.0486177334470212	0.967474184815196
"Ehd1"	625.81345564191	-0.451968086079738	0.224146026471284	-2.01640017088432	0.0437581476659405	0.967474184815196
"Psat1"	851.58889737952	0.44962266767157	0.220483879415456	2.0392541571003	0.0414246683514643	0.967474184815196
"Tctn3"	18.6677078202225	1.40255220486265	0.707666947011288	1.98193827023587	0.0474861499879124	0.967474184815196
"Edem3"	213.553332175096	-0.57154311232637	0.290343893038757	-1.96850399140331	0.0490100773155143	0.967534597640294
"Cyp7b1"	159.017411314993	0.688360737705598	0.349817197374675	1.96777271921346	0.0490941944395773	0.967534597640294
"Dkk2"	58.1015200207675	0.803818116810367	0.408725357671195	1.96664606617584	0.0492240287373294	0.967534597640294
"Ephb6"	12.0433556834775	1.60605272328903	0.816597620879605	1.96676145291614	0.0492107184628341	0.967534597640294
"Plscr3"	424.292737225003	0.505344368544737	0.256805006733449	1.96781353670904	0.0490894960746845	0.967534597640294
"Hs1bp3"	94.1791987166448	0.804555407011212	0.408393211365069	1.97005088385764	0.0488325391770501	0.967534597640294
"Zeb1"	163.785318880578	0.609319811059211	0.309668286435912	1.96765325268564	0.0491079479993304	0.967534597640294
"Arhgdib"	67.6807526646649	-0.860271270319701	0.43801508586242	-1.96402201222337	0.0495275392465973	0.968010577407729
"Hsd17b1"	5.09999189261161	3.1157044026228	1.58596689445625	1.96454567463782	0.0494668449094823	0.968010577407729
"Itsn2"	105.773517875615	-0.671139505240294	0.341738329635097	-1.96389882854793	0.0495418257449554	0.968010577407729
"Spryd3"	316.765875670695	-0.4322338177543	0.219982411249516	-1.96485625963994	0.0494308764892948	0.968010577407729
"Brix1"	258.602918899526	-0.648711249375844	0.330447182876732	-1.96313142611307	0.0496309048005418	0.968316573098145
"Adam17"	1076.04279120805	-0.393760190437575	0.200651402784865	-1.962409357585	0.049714844187318	0.968521536169184
"Rnf152"	4.81362470790361	-2.73454402323995	1.39474473164218	-1.96060537903612	0.0499250744176695	0.968619065894356
"Sbk1"	24.8076425166348	-1.33888036812681	0.683028837840732	-1.96021060012551	0.0499711800358149	0.968619065894356
