"X"	"baseMean"	"log2FoldChange"	"lfcSE"	"stat"	"pvalue"	"padj"
"Tmem26"	213.73149426454	-2.77083724398771	0.293707186800118	-9.43401240594565	3.94694782042553e-21	6.43465264667087e-18
"Fxyd6"	74.047812886151	-4.14001713253266	0.458818280248592	-9.02321749318609	1.82644477897843e-19	2.60542347721274e-16
"Mest"	359.510616559185	-3.19352571594581	0.372821542908776	-8.56582935371634	1.07300696824555e-17	1.36057283573536e-14
"Steap3"	113.458805159251	-2.85008926434726	0.367345567266136	-7.75860529788948	8.58684338906365e-15	6.12456604724965e-12
"Aspg"	93.1755993504724	-3.39311677525591	0.443089747509094	-7.65785440609019	1.89065044674987e-14	1.26918252342997e-11
"Scg2"	79.0988946249125	-3.71324358789559	0.500317464896695	-7.42177486980651	1.15561124928388e-13	6.94096609306716e-11
"Sox9"	795.640717689304	-1.96523376220382	0.268719507479884	-7.31332749391457	2.60606812347936e-13	1.41621187738793e-10
"Eln"	426.920860797888	-2.71085704692901	0.377822526749171	-7.17494817011981	7.23345844401181e-13	3.75219217104831e-10
"Fbln7"	100.488607104838	-2.91524233912195	0.414053759258958	-7.04073389972218	1.91229903802641e-12	9.48832896606844e-10
"Arsi"	115.511487683721	-2.49896830302055	0.356271375339985	-7.0142270078134	2.31223715796257e-12	1.06015847832304e-09
"Nrxn2"	46.4929194001355	-4.1528274578911	0.598671354798006	-6.9367398734023	4.01251671673418e-12	1.76118618351425e-09
"Il1rn"	13836.3370693044	-1.74666058392331	0.255325974282325	-6.84090441183221	7.86947556862703e-12	3.30361405709078e-09
"Crispld2"	1095.18783668592	-1.61630499220912	0.242765849294703	-6.65787629069286	2.77812449641114e-11	9.90748648532623e-09
"Cyp26b1"	3620.25137835385	-1.72141428041102	0.270234878379785	-6.37006699776097	1.88945644810406e-10	5.82769648263878e-08
"Ppp1r3c"	344.219639865465	-1.90927757881181	0.299952366333983	-6.36526926640718	1.94947429449078e-10	5.85457911808653e-08
"Scn7a"	43.3400488173947	-3.17068606511177	0.509062310255556	-6.22848323522525	4.70972475000842e-10	1.31091167919747e-07
"Dnmt1"	559.839426276206	-1.53158442576588	0.246066469104775	-6.22427115461119	4.83799735719531e-10	1.31455299619793e-07
"Acan"	35.1968278938153	-3.62582283651308	0.615067923187672	-5.89499582049698	3.74690865196127e-09	8.55194430723639e-07
"Igfbp4"	26994.9139729096	-1.25082766964003	0.214342562627024	-5.83564763950588	5.35820258128803e-09	1.13236681217887e-06
"Ibsp"	54.5310548346827	-3.35122434668474	0.578277875103067	-5.79517994889126	6.82479629495416e-09	1.39079598782173e-06
"Id3"	4714.84831265108	-1.44945252760863	0.257315961601278	-5.63296780576178	1.77134535286543e-08	3.42620223167801e-06
"Kcne4"	107.258758362456	-2.46151884493936	0.439262849461473	-5.60374920837748	2.09764158104487e-08	3.81023788885736e-06
"Car12"	26.190206095326	-3.27099663592344	0.583765594977598	-5.60327066902421	2.10344362949539e-08	3.81023788885736e-06
"Ahrr"	139.245737536203	-1.56319475850037	0.27879889877365	-5.60689000342676	2.059944829659e-08	3.81023788885736e-06
"Gpx3"	915.180669139808	-1.82182046319017	0.334735834741966	-5.44256178784841	5.25197344682462e-08	8.68630738770473e-06
"Tsc22d1"	1392.93610070508	-1.18646051444334	0.222303810377426	-5.33711281164714	9.44382863383329e-08	1.50131977485902e-05
"Itga1"	353.111889938549	-1.23941466188757	0.235237363490153	-5.26878317074596	1.37331065758183e-07	2.11786773301674e-05
"Sned1"	879.028397675825	-1.46125032602788	0.277737256555357	-5.26126866863694	1.43064804901626e-07	2.17687407138314e-05
"Gas1"	1114.9114491609	-1.18930362295617	0.226867985852212	-5.24227170479184	1.58611576205768e-07	2.38167803639504e-05
"Cebpa"	90.6823607155124	-1.87837830173358	0.358710269353256	-5.23647763171164	1.63670067420805e-07	2.4257179342938e-05
"Aqp2"	31.2115833315002	-3.05966667638715	0.598220466767672	-5.11461383613177	3.14383449350341e-07	4.27112371903106e-05
"Cilp"	954.657487219049	-1.32386566207969	0.265844797161788	-4.97984416551894	6.36354925458777e-07	8.25236637424496e-05
"Stc1"	389.710030258707	-1.30758831920367	0.263173457429003	-4.9685417822062	6.74582661273221e-07	8.64981722522471e-05
"Slc30a3"	27.1941538450278	-3.78868680815067	0.765925361957726	-4.94654831440323	7.55409848051225e-07	9.57859687328953e-05
"Pgam2"	43.6068188062465	-2.28195715376366	0.46836821730882	-4.8721434747974	1.10393950699206e-06	0.000136936496236885
"Palmd"	34.6271102627951	-2.52172634545481	0.520074051628427	-4.8487832406922	1.24221067016318e-06	0.000150809661360662
"Slc1a3"	376.453629405258	-1.41700824764959	0.292537807433009	-4.84384654443029	1.27349302999997e-06	0.000152905304761424
"St5"	316.553362059213	-1.20743074202266	0.252091813839138	-4.78964677049424	1.67075156945051e-06	0.000190666169105693
"Comp"	3801.57611943209	-3.30843829247922	0.692115323150907	-4.78018356452116	1.75135212532999e-06	0.000197885450042236
"B3gnt8"	21.6196782552102	-2.77828584597581	0.581550986487543	-4.77737276787393	1.77600353189705e-06	0.000198703453980482
"Cks1brt"	44.494109872624	-2.90149537728111	0.611886431535808	-4.74188546720751	2.11738323662682e-06	0.000228047175216678
"Apoe"	79.02549727536	-4.40464291312194	0.935095171340466	-4.71036857864194	2.4726920474792e-06	0.000251949657552077
"Plekhg4"	96.6374804112451	-1.58360891718139	0.339867951270357	-4.65948292936177	3.17004683140726e-06	0.000311867021034652
"Flot1"	159.963458931918	-1.25530775056628	0.271855860509058	-4.61754897693092	3.88299055527022e-06	0.0003755312560741
"Gprin3"	122.462008803452	-1.56449993871475	0.340671916883616	-4.59239479739455	4.38188416182422e-06	0.000413273240121802
"Pparg"	21.0403863822355	-3.35332611464695	0.734995503827705	-4.56237636445872	5.05778774768378e-06	0.000473110440791535
"Gldn"	154.744629282925	-1.64746906446469	0.361318235357247	-4.55960674898067	5.12495004500275e-06	0.000475495365150986
"Ildr2"	25.1685525209254	-3.02238656782256	0.670932688430851	-4.50475378519892	6.64499417687325e-06	0.000597107665720296
"Ephb3"	1494.33631652904	-1.15419577220632	0.25636410604121	-4.50217384184346	6.7261928443228e-06	0.000599682130776654
"Dpt"	67.2150833801468	-2.00498138423824	0.454297350946756	-4.41336798477882	1.01774788312713e-05	0.000873273597161416
"Ank3"	170.841189403666	-1.20854943478195	0.27420426704767	-4.40747858446655	1.04580937336e-05	0.00088676354429555
"Gm765"	16.6589936874053	-2.91282918936996	0.661976659039305	-4.40019923602323	1.08151532930236e-05	0.000907518598382244
"Depdc1a"	26.1243008800695	-2.56327653653309	0.586880844669767	-4.36762685273095	1.25603846703969e-05	0.00104428905639911
"Dlk1"	46.0843151120066	-1.98287243860513	0.454305336038248	-4.36462502487137	1.27341002775014e-05	0.00104547879400608
"Bmp5"	60.600915822216	-2.091955625156	0.480870893964112	-4.3503477781962	1.3592178473611e-05	0.00110795671957749
"Pcolce2"	186.632291400186	-1.25533446039694	0.289349313327848	-4.3384739571667	1.43475482292905e-05	0.00115305789008918
"Itga9"	101.23977445428	-1.30958142891798	0.303269029111955	-4.31821684117482	1.57294854776847e-05	0.00124656172410652
"Stmn1"	1040.63723480084	-1.09431371117841	0.256836126731738	-4.26074682367956	2.03744932271863e-05	0.0015710386264098
"Id2"	420.069560603972	-1.09329729734354	0.257922767615374	-4.23885532654455	2.24662374676221e-05	0.00165409485148712
"Cdsn"	460.393229672656	-1.5703421706095	0.370745657168348	-4.23563200336138	2.27909766936119e-05	0.00166724760274038
"Cacna1a"	135.58503374804	-1.61902885214166	0.386722031217224	-4.18654413622545	2.83233877701206e-05	0.00196930573855597
"Rai2"	45.1066161996803	-1.76033505304102	0.423385707025102	-4.15775739197698	3.2138707040638e-05	0.00219620913022611
"Id1"	523.557604749376	-1.18988289068538	0.28761538528587	-4.13706272876438	3.51779964758653e-05	0.00238959104632485
"Ednrb"	14.244563787774	-3.1697763871131	0.771102710629998	-4.11070580276312	3.94451524017637e-05	0.00264792987769957
"Fgfr3"	34.8676681414278	-2.38942556485794	0.581970009888372	-4.10575377469409	4.0299857618387e-05	0.00267384869268042
"Gatb"	76.0928930656313	-1.6091696023675	0.39368216271238	-4.08748415544329	4.36076448705915e-05	0.00286006001875397
"Ggt5"	94.5654583052934	-1.71856220676129	0.42394002639298	-4.05378614844032	5.03952888391655e-05	0.00324678322116672
"Galnt9"	14.8915487943729	-3.84628127088735	0.956189805740474	-4.0225081336323	5.75816650797881e-05	0.00363050807674333
"Tcf7l1"	168.036876178321	-1.26939204905964	0.31697876291079	-4.00465961000958	6.21068457911132e-05	0.00387302362933434
"Id4"	169.864211576921	-1.27415218788545	0.323756112312081	-3.93553091179092	8.30129779739234e-05	0.00493408387832507
"Ddit4l"	321.627403933053	-1.38512121754247	0.352186100689726	-3.93292414104313	8.39187271170155e-05	0.00496207520134394
"Fzd4"	57.4130928297215	-1.50961174597466	0.384435640638939	-3.9268256800167	8.60743168656535e-05	0.00506329950551978
"Tmem158"	65.3987825184163	-1.93349129653518	0.493368351998521	-3.91896093193464	8.89315267138668e-05	0.0052045465787623
"Deptor"	33.0214349804934	-2.11310882158338	0.539929002525173	-3.91367904243089	9.09004431636675e-05	0.00529263192542741
"Plxna4"	20.2680259560079	-2.52691089933891	0.64593194441455	-3.9120389093455	9.1520161770386e-05	0.00530166541179515
"Nov"	132.378769373536	-1.26963334482869	0.325089905138599	-3.90548375929234	9.40370741761046e-05	0.00541995500251366
"Kitl"	106.633468965366	-1.14280367106504	0.29331908492503	-3.89611085605674	9.77496615459542e-05	0.00552237196813084
"Samd5"	93.8141063900527	-1.53441737862587	0.395506043342143	-3.8796306768402	0.000104615186528163	0.00585229661107546
"Gm9780"	52.9472103903269	-1.77500496156105	0.457878108095351	-3.87658839804461	0.000105931334657546	0.00589701654200932
"Efs"	24.71718858589	-2.1635582942057	0.55860163421097	-3.87316857255842	0.000107429466120309	0.00595138382216004
"Ccno"	22.1744809082792	-2.40187304987078	0.622945303694977	-3.85567245731553	0.000115411933432868	0.0062738890786382
"Matn4"	23.5387264652101	-2.96474780873998	0.771840647511472	-3.84113977191894	0.000122464354120556	0.00650029399638968
"Npy"	38.4425731003975	-1.8122945089265	0.474594596558225	-3.81861597681329	0.000134202488204832	0.00704047418858137
"Maf"	147.479914750916	-1.12553725446045	0.298045358678596	-3.77639584609066	0.000159114049759742	0.00814264365855686
"St6galnac2"	21.5775774094065	-2.27941019057523	0.604290291348817	-3.77204503068787	0.000161915025094986	0.0082123300728177
"Oxtr"	18.1905224532062	-3.07865808631798	0.818789301213997	-3.76001259634602	0.000169904801729835	0.00846704627659772
"Ackr4"	17.6291641078081	-2.76926806862269	0.737141558128294	-3.75676562810303	0.000172123558543866	0.00854032195696781
"Ly6a"	2039.89379731381	-1.11656223759807	0.300109086937744	-3.72052125775748	0.000198812005607718	0.0097375219227265
"Egfl6"	29.96013882698	-2.67586384068453	0.719742443206658	-3.71780748230268	0.000200959317721621	0.00978017722099247
"Ebf2"	53.5195703281608	-1.90128154111769	0.511474224201917	-3.71725778378054	0.000201396919640136	0.00978017722099247
"Abcc9"	12.4594047566457	-3.27258823195882	0.881486792826468	-3.71257772503357	0.000205159027156507	0.00992065600809345
"Nkd1"	81.1003666862307	-1.89798642003904	0.51296256271928	-3.70004861559013	0.000215558168782161	0.0103359236224455
"C1qtnf3"	122.419192608979	-1.30846131176658	0.354546549548002	-3.69052050692548	0.000223795645213292	0.010641482929892
"Ppp2r2b"	20.4988653411784	-2.71132967822473	0.735493733628137	-3.68640758480693	0.000227441982043388	0.0107699912824861
"Hmgcll1"	21.9766492932005	-2.19577661234315	0.600283510988941	-3.65789926284282	0.000254290947998297	0.0119384412948789
"Olfml3"	402.638749273466	-1.24385095161582	0.343588862104426	-3.62017250500332	0.00029440666990618	0.0135324218732398
"Lgr5"	57.0991604610294	-1.60835515308548	0.444368383969108	-3.6194185074996	0.000295265776939775	0.0135324218732398
"Asic3"	49.2101875274749	-1.5950706269879	0.440897194732295	-3.61778356960605	0.000297136702673734	0.0135636962036506
"Igf2"	30.6535466167389	-1.72363353896114	0.482496529388382	-3.57232318571501	0.0003538283727671	0.0159600371146962
"Matn2"	228.93098533206	-1.02700769446585	0.288325997927542	-3.56196701597453	0.000368086637026601	0.0163793406859849
"Chrdl1"	62.4754811600284	-1.62172829267505	0.456721310530886	-3.55080495541138	0.000384054918258298	0.0167283768212355
"Ly6c1"	309.847493556573	-1.35798556467321	0.38230953937606	-3.55205775636538	0.000382230950608369	0.0167283768212355
"Cdc25b"	281.69427505851	-1.27906066441545	0.360331134325351	-3.54968123087737	0.000385697879373162	0.0167360615947016
"Gldc"	5.94646890349386	-5.44708709615707	1.53585409756094	-3.54661754967967	0.000390210615319893	0.0167409155715437
"Megf6"	95.5231278557278	-1.29209013781726	0.365007383638244	-3.53990137114004	0.000400276592727879	0.0170769512673422
"Scube2"	6.23173499387147	-5.80291480522737	1.64188857615701	-3.53429269774788	0.000408868025505257	0.0172177192142657
"Slc6a2"	13.7832594077046	-2.722119957145	0.770058783181779	-3.53495085907282	0.000407850998803078	0.0172177192142657
"Prickle1"	55.7686789558467	-1.64937472869673	0.467618196967769	-3.52718251640327	0.000420007129533665	0.0175413667432287
"Anpep"	46.9264375051936	-1.86596446104241	0.535919014811046	-3.48180305134408	0.000498049858602768	0.0200131865717422
"Susd2"	41.1953387731355	-1.6236397624566	0.467009620242997	-3.4766730535696	0.00050767648282175	0.0202573567201462
"Dcaf12l1"	21.6324053245273	-2.01685193093375	0.582275569330995	-3.46374128876988	0.000532718588458857	0.0211089740676822
"Ganc"	36.8587954122518	-1.93268609717774	0.558209889689341	-3.46229282726132	0.000535594078991634	0.0211494796866869
"Lpl"	207.659794583602	-1.08477481433842	0.315793070648615	-3.43508111850072	0.000592376479060336	0.0229938788402604
"Vegfd"	368.477110770628	-1.10656316364818	0.322639547800935	-3.42971954675227	0.000604205406233588	0.0232945678916815
"Mfap1a"	250.867443283055	-1.1320708073222	0.3312313556152	-3.41776461718001	0.000631376850065014	0.0241787671575233
"Otor"	43.2240402040778	-1.76924277842926	0.520143517187977	-3.40145117638727	0.000670291006206446	0.0253015866349016
"Brca2"	66.7709939128387	-1.30845813302666	0.384745160232972	-3.4008436447501	0.00067178240013803	0.0253015866349016
"Kng1"	32.47158420497	-1.84357796676276	0.542529627569423	-3.39811481821213	0.000678519363989387	0.0253877474814652
"Aspn"	413.633498604318	-1.00445814693574	0.296825150221336	-3.38400619417437	0.000714363915302455	0.0264685746799728
"Mastl"	81.0015434324982	-1.33023378591	0.394675961607991	-3.37044541676759	0.000750467717957652	0.0276268954752669
"Dbf4"	344.693360637126	-1.04955092883402	0.312301515983237	-3.36069751544324	0.000777459195764571	0.0283537141573027
"S1pr1"	82.3390623531437	-1.2703340948514	0.379459315014147	-3.34774782061692	0.000814711094596344	0.0296098185080684
"Nnmt"	211.438446700336	-1.03510286232953	0.309395691827288	-3.3455632695343	0.000821156223515315	0.0297493168976406
"Fbxo5"	232.021796683799	-1.11075379302674	0.333415535565898	-3.33143982370672	0.000863979774161383	0.0310054628387726
"Kif2c"	90.1080599969406	-1.28837405081702	0.387588459895834	-3.3240774278039	0.000887115623940633	0.0317359357379639
"Cdk19"	58.5604043806711	-1.46693500791022	0.442726541908722	-3.31341103152714	0.000921654240929504	0.0326643422282221
"Myzap"	42.7302467881898	-1.45750461700369	0.441869630814974	-3.29849465851613	0.00097204729445072	0.0340276187861093
"Igf1"	178.210147933777	-1.02401497361504	0.3107797267706	-3.29498640164165	0.000984264426377691	0.0343499254856948
"Cdkn2d"	323.656660215924	-1.0083115998165	0.307527806623758	-3.27876562086011	0.00104262191133636	0.0360557613702137
"Plxna2"	103.341690149262	-1.15107177846368	0.352292316141102	-3.26737690754131	0.00108549059059802	0.0373121042768211
"Peli2"	150.818195576071	-1.01821448301061	0.313436791556072	-3.24854806596136	0.00115995609422692	0.0395146834248287
"Atp12a"	102.67485527865	-2.84762034564091	0.876284109342389	-3.24965421063942	0.00115545412000466	0.0395146834248287
"Gdf10"	8.53968728678789	-3.09756693903073	0.958249927337981	-3.23252509669974	0.0012270135742958	0.0414280441120228
"Ticrr"	23.0730153226108	-1.91750255522831	0.595090600120399	-3.22220272819023	0.0012720909312627	0.042697357963441
"Kazald1"	63.9399510113431	-1.55114850352586	0.482786347180056	-3.21290880031319	0.00131398005887491	0.0435905245112803
"Clspn"	226.895906477042	-1.17450461530012	0.366038289441418	-3.2086933230194	0.00133339633932004	0.0441064319545517
"Clec11a"	602.028976689534	-1.08165532034285	0.337669806840488	-3.20329297565481	0.00135865685274861	0.044426911185006
"Mrgprf"	62.1802066838459	-1.26517753920017	0.398339326273334	-3.17613013768071	0.00149253979057907	0.0478960125082796
"Setd3"	193.642431956865	-1.07210551754073	0.338320903467241	-3.16890120165024	0.00153016399928655	0.0489138138931601
"Cd24a"	60.9185559697152	-1.3790314186947	0.436389390638716	-3.16009382509575	0.00157718340571665	0.0497204890222054
"Arxes1"	44.2722839855002	-1.40967633786788	0.448875783410955	-3.14045976629863	0.00168682875620515	0.0523100265375358
"Smoc1"	172.504285657974	-1.14465997744364	0.364762956381273	-3.13809271862346	0.00170051076580913	0.0524492671876048
"Pde3b"	84.7454321368728	-1.21075454545531	0.386529927747068	-3.1323694713947	0.00173401511675069	0.0528937824487005
"Mb21d1"	267.052922306137	-4.07045793609547	1.3282791015297	-3.06445981978319	0.0021806346406809	0.0620702909555417
"C2cd2"	78.1144338649199	-1.0205576114543	0.333763723637778	-3.0577247890543	0.00223024298593389	0.0628343088740072
"S100b"	32.6995391721686	-1.57758675002726	0.516621133582323	-3.05366282460814	0.00226066005848388	0.0632319916358286
"Trabd2b"	123.583065098087	-1.07421532716379	0.35199111089115	-3.05182515673238	0.00227454547988304	0.0634648240010397
"Sec14l2"	10.4400298307221	-2.51844325739503	0.826345103554027	-3.04768945391394	0.00230608108768228	0.0641877984698298
"Tmtc1"	21.1328478848968	-2.332997345394	0.766086398829138	-3.04534494928989	0.00232413579465693	0.0645329384151457
"Adra1b"	113.512233047978	-1.07523609476359	0.353664148642617	-3.04027450588478	0.0023636261125205	0.0654600342008875
"Fbxo2"	44.8277107766857	-1.6881631019973	0.559232026615676	-3.0187167788183	0.00253847719709688	0.0695815259640785
"Gpr27"	82.6340395063563	-1.14069447443097	0.382614911528115	-2.98131212365764	0.00287016097374622	0.0752827863969351
"Creb5"	47.7515247959607	-1.60022833438073	0.538413864518143	-2.97211576416752	0.00295755145554624	0.076534848950817
"Mkx"	53.8899179098802	-1.26176297698712	0.424392371731175	-2.97310475171869	0.00294803821244852	0.076534848950817
"Nrm"	49.4198524806772	-1.37619848998917	0.465889286932527	-2.95391744045078	0.00313767933959484	0.0802851942229961
"Hip1"	133.564338502978	-1.08284111018364	0.367251601562732	-2.9484993546003	0.00319320806393255	0.0813412732714247
"Sema6d"	35.6589510779569	-1.53135403582344	0.521295141540079	-2.93759506620244	0.00330768742853514	0.0822928174916467
"Tk1"	130.323085297525	-1.20851876445992	0.411058419085683	-2.94001705924921	0.00328194176954569	0.0822928174916467
"Serpinb1a"	50.869234041398	-1.38805150116867	0.472550823718045	-2.93735918233607	0.00331020466668816	0.0822928174916467
"Chil1"	53.8711372469068	-1.74427337109712	0.600973287625735	-2.90241414554085	0.00370298644161492	0.0899116622802328
"Sox6"	24.0638466470921	-1.62335371123366	0.563792490767216	-2.87934610307524	0.00398500737838546	0.0941550811638402
"Cdkn1c"	5.69265115612829	-4.37048700155997	1.52058645077163	-2.87421145923149	0.00405037678260254	0.095404164754428
"Cenpm"	45.5251765223356	-1.50899590113897	0.529712363299428	-2.84870810214786	0.00438971346143087	0.0997916534299782
"Col8a2"	134.132203822534	-1.04481032980979	0.367099996840593	-2.84611914683148	0.00442556326825253	0.100207396859718
"Crocc2"	9.87850285748865	-2.66010143671433	0.935639684362833	-2.84308316670627	0.0044679410026643	0.100767080479061
"Neurl1b"	68.3283635958881	-1.01846867158389	0.358724278053096	-2.83914062664345	0.00452352166290402	0.101618955151694
"Fars2"	37.3143964311676	-1.36495717887427	0.481241026135117	-2.83632754637804	0.00456356166239658	0.102116403316215
"Gdpd2"	15.2637973412684	-1.96145638325908	0.691806917929333	-2.8352656390456	0.00457875960040028	0.102229550725701
"Scarf2"	226.646008128525	-1.00979349344305	0.356222906601608	-2.83472363716459	0.00458653434731503	0.102229550725701
"Clu"	44.3704757059402	-1.34167772921977	0.474892501714523	-2.82522407571369	0.00472475618305696	0.104275818055323
"Mlf1"	15.5651779891733	-2.12537600811706	0.755678255996227	-2.81254090779036	0.0049151771021294	0.106638785341256
"Wnt16"	60.4521082357151	-1.39771048024018	0.497249321698352	-2.81088463925161	0.00494054964396449	0.106674891954859
"Pradc1"	18.8406597514367	-1.65773933457667	0.591978623894935	-2.80033647780986	0.00510493642180846	0.108689429935967
"Ecm2"	18.9949071205709	-1.70916700395361	0.611783357573095	-2.79374550287501	0.0052101464273268	0.110722888321515
"Dlx2"	35.3840365741362	-1.37367316285855	0.49229555973035	-2.79034237808475	0.00526523303260715	0.111478366174606
"Tedc1"	39.2985546652043	-1.5602213810749	0.559592542382051	-2.78813826652051	0.00530119129974848	0.111824759912624
"Tnfrsf21"	68.7903376964068	-1.28528850238761	0.462028470349011	-2.78183831705591	0.00540519607544885	0.113598706469654
"Cubn"	6.26805148435122	-3.00993920673429	1.08289938496266	-2.77951880713099	0.00544395010453314	0.114202865060537
"Ezh2"	97.3576014541186	-1.12985237501026	0.408114725989912	-2.76846754860345	0.00563205941552268	0.11707297276857
"Aoc3"	80.7084043480777	-1.05358745885836	0.381185580124641	-2.76397511814025	0.00571018934072059	0.117860668446715
"Kif23"	66.090754681915	-1.10076723803505	0.398585023975088	-2.76168739873139	0.00575035058755407	0.118275257414399
"Rbm46"	39.429508902186	-1.40989587188845	0.517470646980662	-2.72459100842706	0.00643811841573799	0.128223049494593
"Rnf125"	22.7727648300671	-1.74486761450125	0.643130285671881	-2.71308575163489	0.00666598542270841	0.131159009730945
"Lin54"	90.0578551465391	-1.00924782233137	0.372519034811437	-2.70925168385619	0.00674351629667121	0.132456123885735
"Arid4b"	54.4591958026314	-1.13398970023152	0.419109810628368	-2.70571022551664	0.0068158492113603	0.133189163013773
"Mns1"	20.8045138044451	-1.62068556886072	0.599470775104529	-2.70352723796774	0.00686078247290224	0.133454330339214
"Sesn1"	46.9573696828407	-1.33165103465159	0.493524517892204	-2.69824696924671	0.00697057062912458	0.134371878411435
"Aqp5"	9.98664326113818	-2.54670926019197	0.945060798121993	-2.69475706245857	0.0070439968111695	0.135558333236199
"Amer1"	27.6114575244074	-1.35518373283295	0.503014474101162	-2.69412472723481	0.00705737495816647	0.135587143135683
"Pla2g5"	15.4128843718422	-1.95297639964701	0.725192767299525	-2.69304450859254	0.0070802816399912	0.13579861189173
"Evx2"	21.7704511871226	-1.41014345538986	0.5243466044514	-2.68933458025389	0.00715946209474801	0.136628397032214
"Cpeb3"	27.9105850185023	-1.42407984588811	0.534599111370867	-2.66382755900278	0.00772571548352203	0.145248542171258
"E2f7"	46.419219732767	-1.29363880145898	0.486086412449363	-2.66133503905283	0.00778314682324145	0.14608761767571
"Dbndd2"	57.3996535835905	-1.1306889462874	0.42730593355837	-2.64608763297913	0.00814287184890768	0.149851121578387
"Lysmd3"	47.7160817948922	-1.22570073881901	0.463295949081686	-2.64561074028062	0.00815435913951788	0.149851121578387
"Hivep3"	54.0380574589051	-1.12129162809362	0.426003565779271	-2.6321179402395	0.00848544007814288	0.154197200910456
"Epb41l4b"	13.6848289980593	-1.99914750887923	0.760505335707089	-2.62870937916628	0.00857095740517276	0.154765452385809
"Kif11"	66.8793829953	-1.10076738057289	0.420058639210861	-2.62050884762385	0.00877986518328649	0.157188398173697
"Tenm4"	41.2309601579343	-1.59034179260799	0.608329431383667	-2.61427724940202	0.00894164448060013	0.158254889391995
"Rad54l"	76.4078214388873	-1.06664764051356	0.409725193560916	-2.60332451427587	0.00923245186357578	0.161757660558488
"Cenpn"	26.1133485316332	-1.4695718422607	0.564572373108707	-2.60298220787673	0.00924167496355888	0.161757660558488
"Mertk"	16.6253398736125	-1.90830251732439	0.735096844250239	-2.5959879058803	0.00943193851013434	0.163685992715882
"Kif20b"	59.3973520585377	-1.25879466531566	0.485090421273479	-2.59496912351108	0.00945994168726896	0.163685992715882
"Foxp2"	38.8834306722094	-1.22336482903899	0.472299275591915	-2.59023227911116	0.0095911191721735	0.165088766203385
"Sncaip"	12.2982366961513	-1.9959817697584	0.777811307252784	-2.56615165033814	0.0102833858048164	0.174115725229325
"Zfhx4"	60.4645288885852	-1.12604273232893	0.439718737621409	-2.56082499103879	0.0104423944537332	0.175764904876111
"Sp7"	63.5312891766619	-1.18160091991536	0.462575231411881	-2.55439729513587	0.0106371805909606	0.177993408950208
"Cobll1"	15.5788935237571	-1.62852642210984	0.639208814502737	-2.54772209825787	0.010842880851419	0.180536948257011
"Tshz1"	93.3144112010516	-1.01606609732145	0.400143494394	-2.53925432140347	0.0111089036811383	0.183465714629739
"Pcsk5"	108.19890597191	-1.21494504261059	0.480047431660399	-2.53088541356906	0.0113775010628725	0.185236638479775
"Cygb"	35.8607865032918	-1.29807652913945	0.518214468296002	-2.5049021371553	0.0122485278328378	0.195611296847413
"Sfrp2"	1933.17201173161	-1.46680520365355	0.586081469545843	-2.50273260608321	0.0123238613607032	0.195877306195467
"Elfn1"	18.0559981357393	-1.93501679734479	0.773117826600108	-2.50287437537729	0.0123189261417371	0.195877306195467
"Dtl"	56.740663754309	-1.02423639213072	0.41002408428537	-2.49799080440813	0.0124899433672529	0.197691031493883
"Gpr88"	55.3241333357878	-2.59799905553938	1.04251776832131	-2.49204295071415	0.0127010677495709	0.199539495598854
"Abca7"	12.1358127086716	-1.9088999895458	0.773681031073386	-2.46729584011829	0.013613782942178	0.210801208868569
"Plin4"	10.4331425917883	-2.43595424031537	0.987963729000201	-2.46563124617996	0.0136772058121304	0.210924692875719
"Snapc5"	20.2260323478623	-1.52415942857958	0.618648409177726	-2.46369247211903	0.0137514041335176	0.211434272227735
"St8sia2"	36.068947746056	-1.15181232205372	0.467703380832027	-2.46269830251106	0.0137895894448611	0.211514509065531
"Galnt16"	18.6393140835657	-1.68387970094796	0.686095937732657	-2.45429189759187	0.0141162343310998	0.214584083092587
"Acot1"	41.3054288234702	-1.4281731962825	0.582506645640843	-2.45177150676332	0.0142154897948658	0.214870423230476
"Mis18bp1"	60.9811749142945	-1.11344590164438	0.454615030922653	-2.44920608846702	0.0143171503292905	0.215835296641827
"Efcab11"	15.6257184395409	-1.66712290760439	0.681913998136391	-2.4447700328201	0.0144944530122579	0.217074406530036
"Ttf2"	54.1063737337589	-1.0322539767983	0.423963707513059	-2.43476967133209	0.0149012715930158	0.219991347243851
"Wwc1"	24.7603348954642	-1.59211007790425	0.654196236521647	-2.43368883680756	0.0149458371629373	0.220364203751215
"Gramd2"	14.8317915700348	-1.71042106284252	0.703390744539038	-2.43167979692914	0.0150289870790006	0.22073462103675
"Drp2"	15.2419028857321	-1.91166381853201	0.787454000141156	-2.42765141606917	0.0151969417765401	0.222521621975197
"Atp1b1"	31.2102883231992	-1.35537052263915	0.559879901024187	-2.42082368050678	0.0154853862582895	0.223727812000994
"Mid2"	40.5613755863246	-1.06146735913111	0.438659515618109	-2.41979786449043	0.015529136644086	0.223727812000994
"Reps2"	5.9554418692638	-3.41876608633339	1.41186612310639	-2.42145202748503	0.0154586412727222	0.223727812000994
"Flvcr2"	11.1992813058608	-2.0922601665111	0.864972049394474	-2.41887604111114	0.0155685445642783	0.223727812000994
"Draxin"	44.7385608223253	-1.29710259578143	0.537203932046542	-2.41454412077731	0.0157549147314789	0.225191455936949
"Cdkl5"	13.870498612864	-2.02051717966972	0.841163740151984	-2.40204978320231	0.0163034895028065	0.229698052106207
"Neurl1a"	38.5589813341017	-1.22171549751874	0.509550815969531	-2.39763230521799	0.016501420450081	0.231344238545853
"Mpped2"	17.9316671667313	-1.72214697361418	0.720125356268113	-2.39145443029366	0.0167817670888951	0.234124114937005
"Cdkn3"	28.1628345578978	-1.29534693322075	0.542694751856057	-2.38687941755575	0.0169920635427237	0.235911234305282
"Eef2kmt"	46.3552298029737	-1.00306229691283	0.421377950842634	-2.38043375289806	0.01729227000082	0.238909667372104
"Alpl"	389.179252758036	-1.42816814015905	0.606321644026642	-2.35546290360746	0.0184996440727642	0.245357198215367
"Nmral1"	34.9524132732871	-1.21211641380227	0.514607219310796	-2.35542053884444	0.018501753618752	0.245357198215367
"Ccnf"	52.1697983495882	-1.07030214594961	0.454782220679308	-2.3534388489306	0.0186006670514638	0.245399783111335
"Rnf39"	12.7065111350455	-2.04057143438793	0.866847416051448	-2.35401455504462	0.0185718838674556	0.245399783111335
"Ndc80"	47.5762035007702	-1.08779291077469	0.463216789606445	-2.34834517051701	0.0188570372385877	0.247636949328841
"Fxyd1"	29.8966902557528	-1.23592254393277	0.52940017074836	-2.33457148717137	0.0195658175155619	0.255474953647131
"Rps6ka6"	9.92154449647966	-1.83386483000606	0.786109481320207	-2.33283642238513	0.0196567322572882	0.256368718308769
"Cdh5"	6.08355811919286	-3.76670117749075	1.62194653819859	-2.32233374453526	0.0202149718945609	0.260082592176695
"Sema3e"	14.8881902334439	-2.01161984283932	0.868290723749625	-2.31675841721808	0.0205168953770867	0.263077314655408
"Rad51c"	10.261054180721	-2.02550774114495	0.879619301198507	-2.30270952261408	0.021295192055155	0.269723342656414
"Kntc1"	28.7468101666941	-1.36171514740244	0.593180132961213	-2.2956182645643	0.0216977175221473	0.272634910372996
"Mtus1"	55.6129912540215	-1.18309144054295	0.518396386660642	-2.28221390230762	0.0224767147126306	0.276649036788262
"Frzb"	98.0870420719613	-2.01782215198789	0.889614556821688	-2.2681982174358	0.0233171280623763	0.280987397516196
"Wnt4"	5.58334273343041	-3.63578420437581	1.60281975505717	-2.26836747731882	0.023306818308581	0.280987397516196
"Stk26"	11.8267863915488	-1.82496825131981	0.804993721232054	-2.26705898839394	0.0233866224617318	0.281059986512092
"Gm10260"	26.8334004108655	-3.42967542225343	1.51294402065408	-2.26688851367462	0.0233970370825874	0.281059986512092
"Col9a2"	13.5377426395501	-1.87228725158007	0.826871083597984	-2.26430369705654	0.0235554423583211	0.282072096739938
"Pde8b"	13.7474332719268	-1.67821179618148	0.741510178241265	-2.26323501069387	0.0236212060885906	0.282230589017793
"Gfra1"	46.7830094659504	-1.29411428327323	0.572912727751141	-2.25883318800235	0.023893763247706	0.283319748660062
"Tmcc3"	35.9331495160887	-1.20374923955027	0.53583615548039	-2.2464875265296	0.0246727976153425	0.286144274782814
"Tmem170"	27.221182336196	-1.3611471463124	0.606961626654439	-2.24255881515116	0.0249252785828144	0.287902104440363
"Mxd3"	30.3694699378631	-1.30110216264782	0.582698722434714	-2.23289002112682	0.0255561978050201	0.292417843925547
"Ncapg"	40.755372181097	-1.04224535385138	0.467509663143406	-2.22935574602588	0.0257902442435242	0.2941798187973
"Gzmc"	37.99653458987	-1.23707919815846	0.561571752431744	-2.20288715164465	0.0276027034247996	0.307619190902161
"Zfp442"	11.4791476937375	-1.86934947708377	0.850736768226768	-2.19733006365781	0.0279968820432509	0.310359165145778
"Bambi"	43.2875609028528	-1.11968269317006	0.50970167949395	-2.19674122769563	0.0280389326380386	0.310359165145778
"Shroom3"	32.4189426633294	-1.10023870209648	0.503638016562234	-2.18458231093546	0.0289194860828303	0.317641169564253
"Sfrp4"	21.0580684349933	-1.50538058199323	0.689489076793715	-2.18332767357766	0.0290116880109206	0.317711918052775
"Lrrc75b"	17.2803139751872	-1.57592655272391	0.723521052207254	-2.17813503548545	0.0293959848976147	0.319492361572933
"Esco2"	16.3278222688353	-1.39186644509598	0.639347386305476	-2.17701123819244	0.0294797289482513	0.319793409465251
"Slc25a29"	6.34062476731735	-2.63822448757046	1.21602949555628	-2.16953988140196	0.0300417199681956	0.322214387478428
"Csrnp2"	24.6474788533034	-1.20848517619881	0.560941398256239	-2.15438757052973	0.0312097905021242	0.328442535152306
"Prdm16"	15.943431744777	-1.31729844186861	0.613852152148977	-2.14595393574333	0.0318766540053175	0.333128549000626
"Chn1"	15.6811841553351	-1.42157471742576	0.665742565138851	-2.13532195756368	0.0327347205535727	0.339299392331854
"Sox8"	6.14930541443458	-2.4210872913313	1.1372948562487	-2.12881231109855	0.0332697919570581	0.342976391882518
"Fap"	34.0528593738204	-1.15982912272593	0.546244662568501	-2.12327772187702	0.0337305864055108	0.346052090822656
"Ska3"	39.5894630804315	-1.13662191099557	0.53537345626658	-2.12304494683353	0.0337500856191392	0.346052090822656
"Accs"	23.6701969951208	-1.30836832119941	0.617123097647925	-2.12010914222149	0.0339968421548728	0.346510047143514
"Irak1bp1"	20.2082725869575	-1.46561296736014	0.691906325547224	-2.11822455330351	0.0341560547037772	0.346510047143514
"Flywch2"	11.203704405821	-1.69249348579748	0.806548125394539	-2.09844079046065	0.035866225153133	0.353173682037523
"Rps6"	393.011524874875	-1.55008978083793	0.739281529471416	-2.09675166907827	0.0360155639994862	0.353404657233136
"St8sia4"	17.3479869013448	-1.63627289873609	0.780814500971171	-2.09559747763509	0.0361179131736534	0.35349411965186
"Trbc2"	20.9510435660722	-1.42007693213653	0.677436290340243	-2.09625163633217	0.0360598745443297	0.35349411965186
"Pex12"	26.5759241233129	-1.08690594831518	0.518747086825768	-2.09525214872241	0.0361485837393727	0.35349411965186
"Spsb2"	24.3412467671501	-1.1155035632726	0.534958067484985	-2.08521682552981	0.0370496232837517	0.357996824843936
"Zfp300"	14.9313984831048	-1.73308986561001	0.832398644462473	-2.08204311376451	0.0373385318361384	0.358339974591886
"Zfp605"	16.690871487307	-1.40691812307629	0.675910328192955	-2.08151594137891	0.0373867065024511	0.358339974591886
"Lman1l"	13.3408712201851	-1.6197004227212	0.777206975781794	-2.08400139627149	0.0371600402578673	0.358339974591886
"Cit"	56.6746882611812	-1.08746778511363	0.522891129230466	-2.07972123511455	0.037551109199148	0.359206419262931
"Kiss1r"	24.0579703785658	-1.13798411037577	0.547980345830506	-2.07668782107699	0.0378303813894741	0.359766927013899
"Sult4a1"	15.6109968644161	-1.4340220438188	0.691242976805793	-2.07455568003796	0.0380277332806243	0.360143147052684
"Slc38a4"	22.4550006798413	-1.19095700541503	0.573968980538415	-2.07495012064562	0.0379911578233916	0.360143147052684
"Plp1"	12.2115126204429	-1.7598059248157	0.857085487118835	-2.05324433940824	0.0400488861191102	0.370942086893368
"Nckap5"	15.7630910766153	-1.54333163578507	0.753757066817864	-2.04751862864856	0.0406071897076521	0.373546040937568
"Xndc1"	23.3463854554758	-1.41770729122476	0.692451388870189	-2.04737446413084	0.0406213316512024	0.373546040937568
"Zc3h12b"	12.4308755302764	-1.49132623582173	0.737281129907324	-2.02273756281975	0.0431002119756353	0.388430178100281
"Kcnab2"	28.2068594216853	-1.15292668830694	0.570077738554195	-2.02240257834123	0.0431347789253355	0.388430178100281
"Knl1"	21.641864346606	-1.34657698681272	0.668410049277123	-2.01459715973605	0.04394687532784	0.389985801898374
"Htr7"	9.84372755065164	-1.65511733594663	0.823036491363194	-2.0109890063383	0.0443266179454938	0.391226112911041
"Sbspon"	10.3441801590345	-1.7415174446705	0.867429887505561	-2.00767516747494	0.0446778211173587	0.392469817623112
"Cav3"	16.4369120463922	-1.39339915428843	0.69837989766457	-1.99518794705869	0.0460223851094839	0.399769164651367
"Tmem100"	11.1081094439167	-1.74614072510792	0.876510319164141	-1.9921507903901	0.0463545156430802	0.401059691068105
"Utp14b"	53.1806107608419	-1.12004426512664	0.563588934030252	-1.98734254258179	0.0468844502496856	0.403314098848928
"Tubgcp6"	20.2142494760473	-1.18639390451662	0.599016971129001	-1.98056810023355	0.0476397292631227	0.40663020968643
"Elmo1"	13.4820968463507	-1.46955275020934	0.744369559241975	-1.97422467370355	0.048356201611915	0.409764721942187
"Npnt"	21.7701029482754	-1.11445114004857	0.568116496369873	-1.9616595313983	0.0498021363393299	0.416062942829014
