"X"	"baseMean"	"log2FoldChange"	"lfcSE"	"stat"	"pvalue"	"padj"
"Hspa8"	1711.3981326337	-3.28620312482465	0.326103227414302	-10.0771867573382	6.96929653932108e-24	1.67332809909099e-20
"Thbs4"	3632.37468244597	-2.29960886458185	0.233221259671323	-9.86020257253852	6.19243312760851e-23	1.23900266161567e-19
"Igfbp2"	983.24041922053	-2.66919340870986	0.311434392189995	-8.57064433359523	1.02907616503099e-17	1.37267326235522e-14
"Nnmt"	211.438446700336	-3.14617421208693	0.37059101674287	-8.4896127265542	2.0732682651035e-17	2.48895855225676e-14
"Mest"	359.510616559185	-3.55972252974989	0.421123523005569	-8.45291781457388	2.84111671896306e-17	3.10069147374105e-14
"Cilp"	954.657487219049	-2.38646953471005	0.295939316812288	-8.06405029387756	7.38073711935691e-16	6.81582685522152e-13
"Sned1"	879.028397675825	-2.45281558447206	0.308557655390493	-7.94929421332268	1.87577090302025e-15	1.50124197938388e-12
"Fxyd6"	74.047812886151	-4.8180990185269	0.616730853097588	-7.81232038956305	5.61446202509202e-15	3.96480097713116e-12
"Tmem26"	213.73149426454	-2.40639353318586	0.325725544332324	-7.38779495516238	1.49283712470985e-13	8.53405222959131e-11
"Gpx3"	915.180669139808	-2.70778476230537	0.370130520203942	-7.31575650884822	2.55935378196021e-13	1.39659282511056e-10
"Fbln7"	100.488607104838	-3.36349181829083	0.486161972770092	-6.9184592927457	4.56581946873166e-12	2.10817933546629e-09
"Gas6"	9310.07089322053	-1.43844794170207	0.208373202559937	-6.90322903343729	5.08335714222142e-12	2.17948937472743e-09
"Bmp4"	178.515057134191	-3.53148421327295	0.511556507727974	-6.90340980893329	5.0768894397526e-12	2.17948937472743e-09
"Aspn"	413.633498604318	-2.24583347930519	0.333099618183693	-6.74222772019716	1.55976359774545e-11	6.24165399697805e-09
"Pth1r"	292.962602936475	-2.46376422716947	0.371763663412789	-6.62723248569298	3.42038720752556e-11	1.32457252988207e-08
"Ogn"	250.413900952614	-2.03418026597649	0.309056203746226	-6.58191047880342	4.64441217716953e-11	1.74238025584126e-08
"Aspg"	93.1755993504724	-3.15250720706412	0.499833308856291	-6.30711709525247	2.8428075962377e-10	8.98102768232463e-08
"Itga1"	353.111889938549	-1.64279915859789	0.262601772145184	-6.25585709181598	3.95338640020296e-10	1.21693342908812e-07
"Auts2"	250.882862989064	-1.63985982910483	0.262737755846227	-6.24143197015273	4.33583008871771e-10	1.27980308706824e-07
"Steap3"	113.458805159251	-2.54708272807144	0.410220749984148	-6.20905385251687	5.33045552612888e-10	1.48818880444598e-07
"Col8a2"	134.132203822534	-2.65900798505212	0.428206570084796	-6.20963845679802	5.31066407318921e-10	1.48818880444598e-07
"Olfml3"	402.638749273466	-2.37556200812628	0.38283393330624	-6.20520231216284	5.46265823506387e-10	1.49043663890777e-07
"Ammecr1"	113.536255792894	-2.09280149188597	0.344570306347967	-6.07365595157391	1.25030457385692e-09	3.26302313242442e-07
"Cdkn1b"	111.840139087812	-2.38757338986055	0.398580521704152	-5.99019083936252	2.09594946928423e-09	5.24205695390775e-07
"Scg2"	79.0988946249125	-3.48395949125424	0.58292301522028	-5.97670601483746	2.27694558180378e-09	5.57851667541925e-07
"Eln"	426.920860797888	-2.44309373371349	0.41688694449008	-5.86032680083514	4.61957135644873e-09	1.08741086537582e-06
"Nsg1"	728.307645164257	-1.4834488200974	0.256922406486908	-5.77391766012821	7.74492949882321e-09	1.75429959685609e-06
"Nrxn2"	46.4929194001355	-3.94146228729801	0.684486401286915	-5.75827697948067	8.49768408721805e-09	1.88553488477755e-06
"Ibsp"	54.5310548346827	-8.89648414706114	1.55029803803621	-5.73856376566822	9.54828130337031e-09	2.04691280441001e-06
"Rai2"	45.1066161996803	-2.99135958098434	0.527797148245433	-5.66763119302288	1.44785189164877e-08	2.99680378607647e-06
"Scn7a"	43.3400488173947	-6.44090678830941	1.1373439683647	-5.66311245099431	1.48651672739045e-08	3.02468361225803e-06
"Cyp26b1"	3620.25137835385	-1.67160200332148	0.296255384244303	-5.64243585845859	1.676610055985e-08	3.29962356099999e-06
"S100b"	32.6995391721686	-4.76374282753255	0.846113727806427	-5.63014482684578	1.80058363839558e-08	3.43111215538713e-06
"Plekhg4"	96.6374804112451	-2.15651661218443	0.392020777864889	-5.50102630766086	3.77586859661418e-08	6.86807613672019e-06
"Npy"	38.4425731003975	-3.23682556283905	0.589983372147326	-5.4862996410529	4.10440463192215e-08	7.35423546361573e-06
"Pgam2"	43.6068188062465	-2.87530517050985	0.551085556418439	-5.21752954150487	1.81325310993193e-07	2.98193199790861e-05
"Nov"	132.378769373536	-1.95015091737878	0.374907382078603	-5.20168716488467	1.97487449287883e-07	3.2038335522987e-05
"Col14a1"	143.076242009769	-1.71935927270402	0.331544559389939	-5.18590706440107	2.14965994574051e-07	3.4408890198153e-05
"Ephb3"	1494.33631652904	-1.459062204419	0.281585215000556	-5.18160090335753	2.19989526762199e-07	3.47496614313184e-05
"Ank3"	170.841189403666	-1.59146010277507	0.307666993770073	-5.17267089093218	2.30771274456863e-07	3.51401064509794e-05
"Lum"	540.356211546578	-1.59444186993558	0.308075690890182	-5.17548744377868	2.27316718762721e-07	3.51401064509794e-05
"Cdsn"	460.393229672656	-2.11855588212084	0.411518711271186	-5.14813986362028	2.6308230411795e-07	3.94787882616999e-05
"Comp"	3801.57611943209	-3.85457037488506	0.758796663469751	-5.07984623609079	3.77740483932326e-07	5.33502883483244e-05
"Mmp13"	1302.26869040015	-1.7361990225195	0.342484573403506	-5.06942255899495	3.99024449251342e-07	5.5701029223981e-05
"Prkag2"	73.9160641069871	-2.34527857845736	0.466483809214189	-5.0275669425871	4.96742103109899e-07	6.52639332551435e-05
"Tle2"	62.0517681627307	-2.16701482293962	0.432763439868057	-5.0073888487445	5.5173393289718e-07	7.12211383272113e-05
"Rcan2"	223.440071677886	-1.86299451843732	0.374483944426684	-4.97483148787451	6.53044235666279e-07	8.08226396822029e-05
"Acan"	35.1968278938153	-3.40821914132431	0.698285657366173	-4.88083795703264	1.05636016366815e-06	0.00012193849773881
"Susd2"	41.1953387731355	-2.81330531691979	0.579797728344497	-4.85221859173655	1.22087949062499e-06	0.000139587221761457
"Gldn"	154.744629282925	-1.95713155449831	0.403992574012548	-4.8444740829259	1.26947486737625e-06	0.000143774016819357
"Pdp1"	232.773749319377	-1.65948869553985	0.34584781410979	-4.7983206133928	1.60001517392432e-06	0.000175590894308146
"Flot1"	159.963458931918	-1.4609444878128	0.304540479314402	-4.7972095240073	1.60891281748405e-06	0.000175590894308146
"Igf2"	30.6535466167389	-2.87741374851701	0.601688673365892	-4.78223020623031	1.73360978948386e-06	0.000185821299310301
"Il1rn"	13836.3370693044	-1.33196776979296	0.279702597289508	-4.76208581078815	1.91602170463519e-06	0.000201770531264434
"Anpep"	46.9264375051936	-3.13940408817607	0.660995299300869	-4.74951046020538	2.03909650256871e-06	0.000212863943594238
"Draxin"	44.7385608223253	-3.06196156680409	0.64538240885509	-4.74441435773873	2.09110423852266e-06	0.000216411261926418
"Dpt"	67.2150833801468	-2.45660054254412	0.519699895849523	-4.72695985156675	2.27906305032736e-06	0.000231865694230338
"Gas1"	1114.9114491609	-1.17103739179253	0.24919085506941	-4.69935941857234	2.60978798799624e-06	0.000263281552906679
"Mrgprf"	62.1802066838459	-2.17334837499701	0.463859803955738	-4.68535612800024	2.79473558653383e-06	0.000277279344763129
"Prg4"	1318.08074570701	-1.1401352487589	0.244799005147796	-4.65743415938537	3.20174771083112e-06	0.000312495782670956
"Pdlim2"	1601.71577998009	-1.21217674451321	0.261184072722397	-4.64108217579402	3.4658924821473e-06	0.000332864313985427
"Sp7"	63.5312891766619	-2.49984432219912	0.542679687318705	-4.60648220417179	4.09538091801895e-06	0.000390198793022361
"Fgfr3"	34.8676681414278	-3.21824003774132	0.700265352148297	-4.59574363899098	4.31208603986671e-06	0.000403530698829532
"Slc38a4"	22.4550006798413	-4.06320413579034	0.884346597940843	-4.5945833288117	4.33614828396582e-06	0.000403530698829532
"Fbxo2"	44.8277107766857	-2.99518682622316	0.653082751357747	-4.58622865172327	4.51324314289615e-06	0.000413599113973041
"Il17ra"	690.224258263317	-1.26392359278291	0.275527017539556	-4.58729457484674	4.4902689781717e-06	0.000413599113973041
"B3gnt8"	21.6196782552102	-6.88742328396741	1.50348397137846	-4.58097553088825	4.62811997062182e-06	0.000417748723664023
"Cacna1a"	135.58503374804	-1.97186064164562	0.431952836231212	-4.56499061066505	4.99516696828103e-06	0.000447514772046371
"Ggt5"	94.5654583052934	-2.17508933052588	0.479475178135422	-4.53639610497533	5.72236592647802e-06	0.00050143797771802
"Serpinb1a"	50.869234041398	-2.57896161719006	0.569516434238443	-4.52833572860571	5.94500722656781e-06	0.000517172548948888
"Ahrr"	139.245737536203	-1.38625779856895	0.308622969077997	-4.49175187028484	7.06396952296275e-06	0.000610093195130703
"Cdo1"	117.692923842343	-1.92333825884096	0.431213338162137	-4.46029398589193	8.18473022284086e-06	0.000688863054893244
"Slc30a3"	27.1941538450278	-3.94404882929916	0.8849814117343	-4.45664595550091	8.32519262272319e-06	0.000689268534039944
"Gm765"	16.6589936874053	-4.63634963157923	1.04125886181785	-4.45263882170953	8.48213655589582e-06	0.000696829348255457
"Otor"	43.2240402040778	-2.73957252457939	0.61585001905272	-4.44844108114717	8.64957679453071e-06	0.000696900465894907
"Plce1"	77.2077758736711	-1.96658862842452	0.441980768168509	-4.44948914083687	8.60747815916147e-06	0.000696900465894907
"Gatb"	76.0928930656313	-1.99295177185254	0.448320590792257	-4.44537193424612	8.7739936257959e-06	0.0006975615462098
"Snai2"	504.47278505376	-1.29111424897583	0.290604285289503	-4.44286032358265	8.87707969843211e-06	0.000701114090655773
"Vim"	10603.190311994	-1.0894033098205	0.245634188886629	-4.43506384334513	9.20450068664081e-06	0.000722222423157666
"Slc6a2"	13.7832594077046	-7.09494585415249	1.61537762768398	-4.39212833739982	1.1224640537826e-05	0.000869366513913555
"Snapc5"	20.2260323478623	-4.20861988368221	0.958651572745261	-4.39014549533374	1.13274843749783e-05	0.000871708012318042
"Adamts4"	88.7405838806045	-2.0622984798668	0.470852681990844	-4.3799229753711	1.18721265813863e-05	0.000907801780952502
"Maf"	147.479914750916	-1.4595104591739	0.333941452942391	-4.37055791161598	1.23929479802656e-05	0.000941628737361321
"Lpl"	207.659794583602	-1.53484145532209	0.352083131171137	-4.3593155122676	1.30469891572049e-05	0.000978931905201533
"Tgfb2"	198.661615845425	-1.44636565373913	0.332582623341352	-4.34889122951752	1.3682755045728e-05	0.00101395971804916
"Crispld2"	1095.18783668592	-1.14611133740621	0.265884571896445	-4.310559763703	1.62841810265241e-05	0.00117766020014109
"1500015O10Rik"	198.349724096702	-1.40184274022179	0.326556855696614	-4.29279837727298	1.76435211584109e-05	0.00125274443213443
"Hmgn3"	322.178165526837	-1.12289085754009	0.261981469130626	-4.28614612043497	1.817994326944e-05	0.00127324492449459
"Slc16a2"	346.004091788479	-1.17996195996402	0.276742949100887	-4.2637471480217	2.01026919075423e-05	0.0013790446648574
"Ndnf"	145.420119708843	-1.68010254396289	0.394792072337786	-4.25566434000068	2.08429202452758e-05	0.00142170032695759
"Znhit6"	466.133670322126	-1.54267352026894	0.36275871056737	-4.25261606497646	2.11287645457206e-05	0.00143305547102472
"St3gal5"	1415.19252642895	-1.35791719282722	0.319709455890462	-4.24734760829992	2.16316204222678e-05	0.00145076873278953
"Omd"	45.8146177754938	-2.51889528948252	0.592987896252235	-4.24780219866591	2.15877862145081e-05	0.00145076873278953
"Hoxd13"	210.606303254919	-1.30993010209693	0.309454638438683	-4.23302784765494	2.30565942583442e-05	0.00152084842896386
"Col27a1"	295.17871356598	-1.48363683416431	0.350424616997991	-4.233825942008	2.2974879096357e-05	0.00152084842896386
"Hpgd"	457.971109678067	-2.68030783387808	0.634030463346697	-4.22741175515482	2.36394838340398e-05	0.00155077597501447
"Pamr1"	47.3194421502425	-2.19969244604358	0.521403839465893	-4.21878835471727	2.45618698589309e-05	0.0016025285198721
"Amot"	434.876233221742	-1.40845695537642	0.333968775896361	-4.21733125079186	2.47210692254163e-05	0.00160419695162769
"Coch"	49.7536517824818	-2.53208095401302	0.601032913094811	-4.21288235443704	2.52132403201539e-05	0.0016273384410938
"Greb1"	31.1714959535759	-3.41646122059873	0.812663644270815	-4.20402862203126	2.6220575914576e-05	0.00168330488692238
"Pknox2"	20.3803968222428	-3.63274008490866	0.865898308854719	-4.19534262598746	2.72459409027872e-05	0.00172556933017259
"Ubn1"	889.918548604736	-1.07469241831662	0.256592387457969	-4.18832541745869	2.81020368567602e-05	0.00174800493505392
"St8sia2"	36.068947746056	-2.49604603219181	0.60046460720927	-4.15685787675726	3.22654570942392e-05	0.00193673406208171
"Smoc1"	172.504285657974	-1.6840794559682	0.406942502017788	-4.13837200001927	3.49778922117298e-05	0.00208910246767073
"Mapk1ip1"	33.710699092272	-2.98848866055942	0.72547806787453	-4.11933701774741	3.7996406825672e-05	0.00222510665337655
"Rab13"	205.564507412511	-1.62905251735026	0.396980239373794	-4.10361110144919	4.06750982511814e-05	0.00235814206540284
"Tmem64"	256.882710870804	-1.02828712249174	0.2509017322176	-4.09836597540879	4.16077045268775e-05	0.00238995451122088
"Apol6"	113.293426880981	-1.507544112272	0.368255162183467	-4.09374875652369	4.24454235909444e-05	0.00242646338194899
"S100a13"	340.222184959277	-1.44305072091812	0.352758932775439	-4.09075600032145	4.29969308974301e-05	0.00244634196883246
"Dkk3"	541.745263264286	-1.13688524160415	0.278095958276968	-4.08810415170391	4.34912897261818e-05	0.00246279685454157
"Angptl4"	273.242446461942	-1.68773359219929	0.413443671381392	-4.08213671903662	4.46235314726417e-05	0.00249165346664681
"Fap"	34.0528593738204	-2.69240509773534	0.660693175368969	-4.07512170264472	4.59902886573153e-05	0.0025312416711251
"3632451O06Rik"	92.6831949933035	-1.75053269104041	0.429479813926111	-4.07593706218188	4.58294143031922e-05	0.0025312416711251
"Ecm2"	18.9949071205709	-3.30385922917218	0.818216725370897	-4.03787789558389	5.39369137092466e-05	0.00290364416627581
"Col6a2"	1999.80008049469	-1.12615832996572	0.280130093748434	-4.02012620242455	5.8166973252376e-05	0.00306269523638059
"Mxd3"	30.3694699378631	-2.81785912761113	0.702000352301006	-4.01404232686607	5.96876359065327e-05	0.00312903960287303
"Gm20075"	194.644895343274	-1.2683325182501	0.31701634272883	-4.00084269262738	6.31173079248481e-05	0.00328018736639741
"Fhod1"	838.360175620258	-1.39474500444364	0.348851444820555	-3.99810585609322	6.38513962487044e-05	0.0033040345343349
"Fxyd1"	29.8966902557528	-2.76164827686178	0.692763153051839	-3.98642489095422	6.70763481969747e-05	0.00343919648665457
"Cpxm2"	852.105702508077	-1.5750027926856	0.395404273069125	-3.98327205839339	6.79728658279502e-05	0.00344309811925967
"Ly6c1"	309.847493556573	-1.68024190379739	0.42178962971236	-3.98360174227904	6.78785910679604e-05	0.00344309811925967
"Plxna2"	103.341690149262	-1.58321818661113	0.398455377193881	-3.97338893444212	7.08572059629322e-05	0.00353883811882619
"Gdf10"	8.53968728678789	-6.74992792709053	1.69893837702757	-3.97302693161836	7.09650218884649e-05	0.00353883811882619
"F13a1"	15.5495934722529	-5.29582745628777	1.33333000818023	-3.97188049754891	7.13074912071507e-05	0.00353883811882619
"Zfp608"	24.4912137107333	-3.19562629661688	0.804582404879241	-3.97178247652148	7.13368450442265e-05	0.00353883811882619
"Cebpa"	90.6823607155124	-1.57113232522333	0.396204351146574	-3.96545954297734	7.32546770917121e-05	0.00361902221599178
"Ddit4l"	321.627403933053	-1.53734996709688	0.388798350377051	-3.95410619825415	7.68212849537172e-05	0.00377967018798924
"Lgr5"	57.0991604610294	-2.0372611212127	0.516266818190227	-3.94613995986478	7.94212000281547e-05	0.00389163880137958
"Il1r1"	174.141500532106	-1.22550289785808	0.313398515245587	-3.91036599805761	9.21563751123651e-05	0.00443233507630569
"Smarcc2"	246.814848313667	-1.10995826051397	0.284523017969702	-3.90111938371245	9.574891410361e-05	0.00457954467654916
"Aldh2"	237.644730136018	-1.29769048971247	0.333003603050106	-3.8969262729485	9.74212605653452e-05	0.00462269657346628
"Avpr1a"	278.981673336885	-1.34322196179945	0.345273551818152	-3.89031234719911	0.000100115272364949	0.00471326997937729
"Egfl6"	29.96013882698	-3.83609781065155	0.988348531746751	-3.8813208978738	0.000103890648666015	0.0048529464483872
"Smarca1"	35.1109937879096	-2.3309150896292	0.602157646490555	-3.87093828869242	0.000108417238308251	0.00504476335616493
"Itgb1bp1"	106.3576877477	-1.27309647134944	0.329614900224478	-3.86237536738305	0.000112289855060104	0.00516490310343505
"Sesn1"	46.9573696828407	-2.24010148987503	0.580789824356335	-3.85699162749216	0.000114791092634757	0.00525979796595518
"Ccdc25"	543.098384494802	-1.25580048647499	0.326056385476466	-3.85148257299083	0.000117404886217921	0.00535910896975721
"Xpa"	69.3232869746655	-2.33580514652759	0.608402145685167	-3.83924541209017	0.00012341302568165	0.00556982471168498
"Dlg3"	307.738827960274	-1.23520093485266	0.323436555066018	-3.81898989308903	0.000133999252179875	0.00602494764951087
"Rnase10"	8.1794363379282	-6.45210261953389	1.69058572711759	-3.81648946636654	0.000135363851350957	0.00606359341592627
"Casp12"	77.7688928071162	-1.74670738604374	0.458255878016688	-3.81164207560941	0.000138046672501099	0.00613971339942737
"Gcnt4"	32.621013287884	-2.52421587371821	0.662250668309211	-3.81157165180787	0.000138086015647263	0.00613971339942737
"Rflnb"	1054.40323351902	-1.18941880163864	0.312414033709227	-3.8071874925621	0.000140556183878037	0.00622648334854552
"Drosha"	104.75962043588	-1.95440976425981	0.513844889911822	-3.80350141186614	0.000142665180099196	0.0062736098428236
"Col2a1"	58.9549687278756	-1.99829407574043	0.525295407909136	-3.80413391332386	0.00014230118796028	0.0062736098428236
"Pcsk9"	12.9560372723241	-6.18846799643677	1.62957270784622	-3.79760164529017	0.000146102871873784	0.00635494556827817
"Kcnab3"	19.1696305590885	-3.43650839098984	0.904906208325903	-3.79764041772623	0.000146080027365263	0.00635494556827817
"Alpl"	389.179252758036	-2.53495260648351	0.667776668989594	-3.79610837605201	0.000146985262020792	0.00637024574209247
"Lifr"	85.1689762711126	-1.92898558815608	0.512167925739699	-3.766314701121	0.000165674941069467	0.00705293499127289
"Plekhn1"	25.8928541357154	-2.55044480004061	0.677905983535268	-3.76223969397656	0.000168398539963249	0.00714354937193924
"Il11ra1"	1646.90062979578	-1.15020948542191	0.308527252997668	-3.72806445539706	0.000192956033691524	0.00801535357946969
"Nkd1"	81.1003666862307	-2.14526554846832	0.57713565694408	-3.71709064005411	0.000201530156168831	0.00822914804356058
"Ltbr"	789.62890388295	-1.18042266137295	0.31784605666865	-3.71381880192248	0.000204154995514601	0.00830191611042952
"Tenm4"	41.2309601579343	-2.67822757640928	0.721281774603512	-3.71315021495101	0.000204695307679062	0.00830191611042952
"Pdcd4"	131.454536468484	-1.4243557915709	0.385195100466139	-3.69775158055549	0.000217517601345058	0.00876274766492425
"Shank1"	17.704155946248	-4.64975565161112	1.25790512476301	-3.69642794204143	0.000218654282665234	0.0087790791417931
"Fam171a2"	113.490786610545	-1.34237827881052	0.363730633222836	-3.69058351482903	0.00022374021432285	0.00895333757648605
"Rps24"	8975.44387530621	-1.25168216276376	0.340445170305341	-3.6766042580106	0.000236359280766162	0.00937351273319879
"Sord"	46.1050695415777	-1.84405160908276	0.502477656229156	-3.66991762961452	0.00024262863897011	0.00942800990531347
"Lpar1"	1128.30126010488	-1.33540147066896	0.363732275575128	-3.6713856876117	0.000241238972617745	0.00942800990531347
"Elfn1"	18.0559981357393	-3.54682952451274	0.966028281546075	-3.67155868235683	0.000241075708187399	0.00942800990531347
"Ism1"	809.280866339475	-1.20308955427069	0.328268798355525	-3.66495250324615	0.000247384489166951	0.0095493594612516
"Tcaf2"	119.792406172837	-1.28880317814455	0.353051588037447	-3.65046701902345	0.000261763921295739	0.00992548437346441
"A4galt"	42.0292099682289	-2.10772569330647	0.577966743929682	-3.64679406807341	0.000265532559955956	0.0100242716423624
"Man1c1"	240.275033263248	-1.37390993892289	0.377277654469152	-3.64164143475724	0.000270905224138427	0.0101734586426955
"Angpt4"	105.987436268151	-1.67765307170551	0.462477331317241	-3.62753579062388	0.000286139120509425	0.010634984958872
"Adcy7"	91.5474330669818	-1.32062637542463	0.364710835391549	-3.62102314291491	0.000293440261483936	0.0108579067715492
"Slc44a2"	288.374388107261	-1.21530212748368	0.336101685085073	-3.61587632973654	0.000299333264688427	0.010989283922277
"Ccno"	22.1744809082792	-2.6110660304383	0.724504390989933	-3.60393403119427	0.000313436642247642	0.0113816823037971
"Adam33"	17.5344926516593	-3.96001466521283	1.09976399222434	-3.60078588971027	0.0003172567647987	0.0114374398240492
"Sap30l"	302.480233768584	-1.03558103382173	0.287865663114584	-3.59744549807429	0.000321357805008602	0.0115506001470906
"Clec11a"	602.028976689534	-1.33457939039903	0.371410082550487	-3.59327722401726	0.000326544843712924	0.0117020025336527
"Msr1"	22.7921249049665	-2.9213874694722	0.814668089900689	-3.58598490070763	0.000335808389342907	0.0119625510803015
"Asic3"	49.2101875274749	-1.78649323606317	0.498758940838715	-3.58187711494253	0.000341134257111767	0.0120805804030288
"Rev3l"	71.3484245713073	-1.4325567950631	0.400077094657058	-3.58070185520388	0.000342672493559338	0.0120993626034702
"Actr3b"	230.996096401776	-1.45651026669737	0.407041483166069	-3.57828458998399	0.000345856746683974	0.0121759831200619
"Wif1"	39.460832251671	-1.88513987741337	0.526986719870474	-3.57720566066012	0.000347286931374905	0.0121768529819966
"Cfl1"	1336.1526145184	-1.12545530622218	0.315024573594623	-3.57259528480603	0.000353460808649167	0.0123351657204455
"Cacng7"	95.0663296073131	-1.4550812124003	0.408062864694867	-3.56582609762432	0.000362711838477425	0.0125388929338393
"Nid2"	130.742513336842	-1.18518648543081	0.332818862746068	-3.56105563143839	0.000369366806549379	0.0127055831307315
"Ankrd44"	71.8681223473047	-1.48439959287	0.418160166632024	-3.54983499462838	0.000385472679136217	0.0130723150085601
"Fzd8"	116.330469800842	-1.30027040202475	0.366240928887191	-3.55031428621473	0.000384771503635692	0.0130723150085601
"Tmem86a"	45.3492771976841	-2.16415701905401	0.610922182625768	-3.54244301582302	0.00039643906566542	0.0133092789660357
"Tnn"	504.844412644102	-1.10156477835223	0.311893754061604	-3.53185905138277	0.000412649238615062	0.0137607058599273
"Pparg"	21.0403863822355	-2.87890878925599	0.81565804604308	-3.52955359567916	0.000416261381716926	0.0138427088296723
"Mettl21b"	29.7137721281834	-2.61888595569403	0.743358993557261	-3.52304334566754	0.000426621581568279	0.0141090691094413
"Piezo2"	48.6545054805162	-1.85515899252682	0.52671500804361	-3.52213049599152	0.000428093359216534	0.0141188482895453
"Angptl7"	115.184561417072	-1.89536302654562	0.539630912563097	-3.51233219302277	0.000444192412232725	0.0144905704044942
"Lrp4"	116.109143883874	-1.6126110280753	0.459263089199401	-3.51130118226233	0.000445918877027174	0.014507469156399
"Pik3c3"	33.4255511406297	-1.92118186778942	0.547267588982102	-3.51049816665144	0.000447267892226252	0.0145120298545301
"Hypk"	644.65082417229	-1.16021571490225	0.331226841962755	-3.5027828905023	0.000460424581571097	0.0148346213114423
"Lyz2"	110.869153510014	-3.00528645481108	0.860304360862609	-3.4932828328311	0.000477120880900184	0.015233606848954
"Pccb"	103.355642408926	-1.36871270806818	0.392081688349637	-3.49088659006089	0.000481420561698245	0.015249218583608
"Tmem127"	272.212103461522	-1.03190000712625	0.295755630499334	-3.48902911969609	0.000484778335388724	0.015315168200899
"Nrbp2"	91.4066254139409	-1.34573120840802	0.387721774511511	-3.47086827946018	0.000518778411451893	0.0161564063337758
"Nkd2"	176.257437898515	-1.27235086690893	0.367224273984134	-3.46477876613326	0.000530667833895155	0.0163658724721456
"Wnt10b"	22.8764572373676	-2.45882007392018	0.711288422784399	-3.45685378133236	0.000546521304056285	0.0166946266035514
"Vstm4"	18.8613696698766	-3.02841371347146	0.877061079195682	-3.45291084658402	0.000554572256617046	0.0168547846599687
"Evx2"	21.7704511871226	-2.13642188509204	0.62012715776843	-3.44513517643721	0.000570773875279989	0.0172164330973273
"Slc2a10"	345.801855988995	-1.24033699334152	0.360196075618528	-3.44350501657081	0.000574225940799334	0.0172771489205414
"Cdadc1"	78.0597099539165	-1.35770783644065	0.395370300095071	-3.43401574704569	0.000594709645870561	0.0176456192114646
"Sema3d"	9.47060323812754	-5.83343441976642	1.70545076816315	-3.42046485812621	0.00062514211935686	0.0183202596649897
"Cks1brt"	44.494109872624	-2.29003824208452	0.669915334376788	-3.41839949702734	0.000629905762280776	0.0183561399091625
"Fgfrl1"	115.411292656946	-1.15526901668987	0.33905928732269	-3.40727731073879	0.000656144259667427	0.0189619319515684
"Galnt9"	14.8915487943729	-5.5042019960846	1.6150875382084	-3.40798988653602	0.000654433201844493	0.0189619319515684
"Bicral"	41.3649446459028	-1.70218944552463	0.499794484350547	-3.40577877272199	0.000659756175186691	0.0189619319515684
"Megf6"	95.5231278557278	-1.38039169916637	0.406911964732061	-3.39235957358815	0.000692934405273429	0.0196659043387885
"Taf1b"	39.3956114543302	-1.81421239228244	0.537547250071299	-3.37498218443459	0.000738204695568794	0.0208031628410877
"Nell2"	8.22357440987489	-5.98206060496594	1.7737107612548	-3.37262463285388	0.000744553809249935	0.0209329472600597
"Ppp2r2b"	20.4988653411784	-2.84690285371807	0.847550356697327	-3.35897782500107	0.000782313447212315	0.0216897758286001
"Shroom3"	32.4189426633294	-1.99250080324119	0.596683324220722	-3.33929359571667	0.000839917425314645	0.0230210244084528
"Klhl33"	20.8486147322334	-2.49658446022994	0.74842741403994	-3.33577366808842	0.00085062385234095	0.0232613652559296
"Palmd"	34.6271102627951	-1.88440086088822	0.565680654657472	-3.33120965932493	0.000864694497435826	0.0234856503206269
"Ly6a"	2039.89379731381	-1.09523702727733	0.328938003385444	-3.32961535610086	0.000869660315499576	0.0235672056152876
"Cdc25c"	12.8996408736539	-3.60440171096004	1.09049433245298	-3.30529155786827	0.000948776468538982	0.0253112477884677
"Adam8"	33.6373163649391	-2.01224690274025	0.609562624895205	-3.30113235385157	0.000962954450163642	0.025519355792968
"Nog"	15.2403494091752	-3.08139748994464	0.933360051951463	-3.30140280109705	0.000962026612115232	0.025519355792968
"Osr2"	24.3892971169176	-2.36083071321902	0.716234910329591	-3.29616816936868	0.000980133254687299	0.0258604389505957
"Folr2"	4.51893287313639	-6.29336704295935	1.9102510383682	-3.29452355557171	0.000985886812673117	0.025955199969607
"Mdk"	35.6770800456775	-2.09990976891061	0.638341496410932	-3.28963380998624	0.00100317844968413	0.0261690705988022
"Ppp1r3c"	344.219639865465	-1.07519109358282	0.326830580652401	-3.28975058403834	0.00100276224904674	0.0261690705988022
"Nrn1"	262.026120058484	-1.30750411952652	0.39791176671171	-3.28591468991118	0.00101651791451179	0.0263570141764882
"Col9a2"	13.5377426395501	-5.31752843991982	1.61925106108876	-3.2839431560072	0.00102365566999473	0.0264848843066523
"Crebzf"	148.083017325776	-1.01367732112588	0.309334826564088	-3.27695827975537	0.00104931872963144	0.0269744568505897
"Ebp"	382.854038998691	-1.0784252932217	0.329268565449918	-3.27521484399252	0.00105581644946935	0.0269918974504951
"Zfp112"	4.98861458939846	-6.20211792614811	1.89379542017908	-3.2749672219408	0.00105674234083571	0.0269918974504951
"Mmp23"	174.576120554158	-1.00264478391183	0.306383873531886	-3.27251161216057	0.00106596493716852	0.0270598383588838
"Sgce"	131.734658620066	-1.00110894236277	0.306831226043691	-3.26273487633954	0.00110342694527642	0.027887664164302
"Cela1"	25.0486231922023	-2.39615308703351	0.734552557406849	-3.2620580554406	0.0011060648901788	0.0278939109686123
"Wnt16"	60.4521082357151	-1.8432583576092	0.56672844619954	-3.252454275006	0.00114413002663437	0.02861516868697
"St6galnac2"	21.5775774094065	-2.24240731318841	0.691326497264592	-3.24362992314205	0.00118016973457706	0.0293332042724587
"Syne2"	10.9864347823488	-4.17032412473567	1.2907474640153	-3.23093729873579	0.00123385003241885	0.0304155434069574
"Ecsit"	50.4622474752109	-1.60746739152747	0.497981480327827	-3.22796620964549	0.00124673700161325	0.0306195199553958
"Cdk19"	58.5604043806711	-1.59389345443064	0.494829601040437	-3.22109560761784	0.00127701539454637	0.0310335421286017
"Senp6"	177.169469955389	-1.02675981413321	0.318979475139432	-3.21888991034421	0.00128687881316347	0.0311471374032813
"Atf7"	103.938159705112	-1.29034290145712	0.40099258963102	-3.21787218722533	0.00129145352604382	0.031194968974157
"Akr1e1"	46.1417049861389	-2.01938133224758	0.629479574959749	-3.20801724563772	0.00133653483796978	0.0320261491613318
"Usp11"	69.3563493211959	-1.31595743550359	0.411913408077801	-3.19474289910718	0.00139955457643458	0.0330091408449847
"Gprin3"	122.462008803452	-1.19409170333299	0.374115734453479	-3.19177087025585	0.00141403456185237	0.033155243974683
"Gria3"	43.1645560668821	-1.60309397961049	0.503724440183783	-3.18248203129791	0.00146018575941268	0.0339719574452504
"Ndufa5"	894.49080417516	-1.08638741881071	0.341909065435539	-3.17741624495046	0.00148593602100058	0.0343712175955915
"Bicdl1"	7.32543046941908	-5.56739940289172	1.75346837365374	-3.1750783113874	0.00149796068719967	0.0345163494238619
"Fabp4"	786.567712069337	-1.2452525920141	0.392284722371533	-3.17435913508434	0.00150167760914141	0.0345357082332234
"Dlk1"	46.0843151120066	-1.58562436761743	0.500298737603633	-3.16935512412518	0.00152777601768249	0.0350687401381994
"Nox4"	77.9629926468543	-1.37638498752395	0.434607900718464	-3.16695804482294	0.00154042540849598	0.0352243943409414
"Dpep1"	125.050815491745	-1.14569918725758	0.362397422629708	-3.16144408242174	0.00156988956973109	0.0356941747814806
"Plb1"	11.6320460450626	-4.29062310736532	1.35790583969687	-3.15973536745605	0.00157912496044946	0.0358362857281583
"Tnfrsf21"	68.7903376964068	-1.63127921279861	0.516934594802183	-3.15567816354573	0.00160125438421741	0.0361335693280639
"Calca"	5.38240663672278	-5.79772829585449	1.84305254497683	-3.14572056648953	0.00165678215917499	0.0370384912865843
"Cbr1"	75.6627018387972	-1.32838127994599	0.423264050431804	-3.13842217072489	0.00169860037130233	0.03783246281537
"Dio3"	491.644207200356	-1.24545114283619	0.397770272949819	-3.13108149988199	0.00174163819902915	0.0385052791516482
"Cul4b"	130.924134588786	-1.01138330169624	0.323188986725624	-3.12938665374407	0.00175171639478554	0.0386569031606625
"Rab9"	118.055181260877	-1.125580943267	0.360967004161957	-3.11823776214732	0.00181935967475072	0.0397982216384833
"Aagab"	311.846282005783	-1.1973867410191	0.384316767988979	-3.11562450757661	0.00183555840667625	0.0398445795479899
"Tmem198"	7.78938480933793	-5.60834745050706	1.80829853676249	-3.10144997437648	0.00192575408158886	0.041273399878296
"Rpl4"	4051.55244729576	-1.80819475789976	0.583101830892253	-3.10099310635484	0.00192872780772379	0.041273399878296
"Galnt13"	47.3580251715056	-1.6885511968997	0.544841828553173	-3.09915852346294	0.00194071150605174	0.0413823119540873
"Lmx1a"	4.72750285030088	-5.66247776049732	1.82937425494872	-3.09530854344293	0.00196608257257698	0.041683484298159
"Edil3"	99.8548463845826	-1.12114030905483	0.362116132856806	-3.09607942681243	0.00196097826234917	0.041683484298159
"Neurl1b"	68.3283635958881	-1.24268908310597	0.401646361048582	-3.09398815381189	0.00197485371634936	0.0417396458886867
"Plin4"	10.4331425917883	-5.2767985288846	1.70656442655769	-3.09205937189751	0.00198773088571395	0.0417910845586619
"Acd"	65.6528753060385	-1.3186898985423	0.42717781909163	-3.08698120456353	0.0020220038125611	0.0423632735947574
"Jak3"	15.2219671004538	-3.15967876227599	1.02396297513151	-3.08573536252146	0.00203049452057591	0.0424670500339961
"Clcc1"	109.598816483214	-1.03839438042435	0.337526024851512	-3.07648686017966	0.0020945553431446	0.0432790652228072
"Tlr6"	100.307346856458	-1.15985089836918	0.377160582415024	-3.07521769889751	0.00210348954794135	0.0433889897303022
"Tmem220"	132.571132931078	-1.14053980340141	0.373197452131088	-3.05612966243078	0.00224214271818742	0.0456767845045115
"Cog6"	66.8437054804842	-1.57036310353857	0.514294520356303	-3.05343152878748	0.00226240344759869	0.0457975707351355
"Socs2"	248.558753192632	-1.0206778209672	0.334336667585475	-3.05284439286414	0.00226683451016355	0.0457975707351355
"Ddc"	12.4124250745614	-3.49674780747644	1.14520561741135	-3.05337989467827	0.00226279280714191	0.0457975707351355
"Npas2"	40.4593389459793	-1.85644001125189	0.608873897359347	-3.04897289784168	0.00229625196137531	0.046175049910068
"C1qtnf3"	122.419192608979	-1.1926017109269	0.391135326616016	-3.0490769556535	0.00229545672924828	0.046175049910068
"Reln"	4.47288016391115	-6.07071103301856	2.00229132702969	-3.03188199992065	0.00243034190041205	0.0482252140734655
"Nhs"	41.6637556102688	-1.81347437801625	0.598413506717133	-3.03047033140158	0.00244173174900316	0.0482915809666934
"Sncaip"	12.2982366961513	-2.8391736520165	0.936875160040155	-3.0304716926157	0.00244172074274882	0.0482915809666934
"Pde2a"	12.7742942233899	-3.09996031297992	1.02629307896056	-3.02054099022045	0.00252323552080528	0.0494150773691147
"Sox6"	24.0638466470921	-1.98461453852512	0.657216487797956	-3.0197272517838	0.00253002410767427	0.0494673280335986
"Lilrb4a"	6.53189776310575	-5.23934993199589	1.73734668737968	-3.01571929774018	0.00256370475362707	0.049801416775555
"Neurl1a"	38.5589813341017	-1.74065793966777	0.577453242004863	-3.01437036464523	0.0025751323464351	0.0498620384176667
"Foxd1"	13.1842708481917	-3.15684086474663	1.04759831349954	-3.01340773850722	0.00258331576893729	0.0499399449373464
"Setd7"	177.100772995577	-1.14524975851279	0.380377877094908	-3.01082115305837	0.00260542263199528	0.0502863323104555
"Cnot4"	61.3080072739875	-1.27398262708791	0.423316296523196	-3.00952889730789	0.00261653186962571	0.0504196871506528
"Mettl7a1"	91.4460085864471	-1.35590549531872	0.45070230322457	-3.00842814784355	0.00262602890550588	0.0505062420434716
"Stk26"	11.8267863915488	-3.02754057726836	1.00783337976072	-3.00400903370272	0.00266447413484533	0.050912960617477
"Clec4d"	9.43229678199289	-3.82008305626946	1.27201623588547	-3.00317161723195	0.00267181717526119	0.050912960617477
"Slc9a9"	43.0136360417775	-1.84178756434635	0.613677712980481	-3.00122935115444	0.00268891953900906	0.051157653036139
"Sema3b"	51.7004339364102	-1.42102284859791	0.474255844843628	-2.99632121364039	0.00273258423469374	0.0517423875985777
"Tmem5"	87.7438805618917	-1.15177383567415	0.384963133680518	-2.99190684744895	0.00277240845370225	0.0524138007664497
"AI314180"	188.377619030988	-1.04215261431596	0.348382355165466	-2.9914046990726	0.0027769720101599	0.0524175298458642
"Steap4"	14.4902866810648	-4.11313319656347	1.37657353487026	-2.98795022014652	0.00280855295242088	0.0525181903330416
"Fam26e"	133.298774750394	-1.06355565252708	0.355727438120017	-2.98980494208673	0.00279155648959463	0.0525181903330416
"Nudt2"	59.4784349312226	-1.38537560647531	0.463754312231856	-2.9873050663574	0.00281448718691765	0.052547307432265
"Selenop"	210.668981029273	-1.17729304984908	0.395057604838218	-2.98005413750028	0.00288197444649223	0.0531460879111202
"Ubxn8"	66.2553581972166	-1.27727376398706	0.428779892106983	-2.97885648907335	0.00289326252765981	0.053272418166497
"Sfrp2"	1933.17201173161	-1.90908107958562	0.642586973904438	-2.97093025086676	0.00296899202473247	0.0542507599039776
"Scara3"	102.30796351537	-1.24269827371175	0.418623695747664	-2.9685330437215	0.00299224928005885	0.0545755779531177
"Pnisr"	159.565559536393	-1.01915005120979	0.344091770982896	-2.96185534544634	0.00305791410920757	0.0553699228974915
"Isoc2b"	56.7576083508967	-1.43480437976682	0.485083109294454	-2.95785269013742	0.0030979012999671	0.0558917886343102
"Pcsk6"	204.354395532291	-1.32518328437581	0.448927558484282	-2.95188668935816	0.00315838807623912	0.0565073753431455
"Kif23"	66.090754681915	-1.31437064024836	0.44524943261223	-2.95198723227359	0.00315735985804474	0.0565073753431455
"Igsf3"	139.72964147048	-1.016713603794	0.344979932603345	-2.94716737904583	0.00320699562667108	0.0570370111084242
"Nol3"	72.6012007313313	-1.39306731131389	0.472991814910134	-2.94522498571896	0.0032271990093047	0.0573114261933475
"Vit"	58.5610023725442	-1.41613101278272	0.48119456216032	-2.9429489111951	0.003251020636184	0.0576491916357296
"Acyp2"	16.6435557952151	-2.23496121590016	0.760118447847284	-2.9402801921592	0.00327915570243252	0.0580623365895316
"Arvcf"	11.0610830579636	-3.38552333933385	1.15265359982958	-2.93715591556248	0.00331237523055001	0.0585641600040544
"Cx3cr1"	4.73989394942257	-5.81065575146166	1.98000279217504	-2.93467048350908	0.00333902070278821	0.0589484463779006
"Cic"	153.284667682037	-1.09947203076702	0.374771058890058	-2.93371647752971	0.00334930001327469	0.0590247074213466
"Naglu"	44.5671045130983	-1.58246776786767	0.540550745807987	-2.92751009991168	0.00341687962885806	0.0598826860502789
"Shc2"	125.267315021162	-1.19618035234802	0.409775139205883	-2.91911401620445	0.00351027808050092	0.061073751241179
"Riok1"	117.679509120353	-1.12664011492662	0.386086351404322	-2.91810397033892	0.0035216690484859	0.0610948510506839
"Cdh13"	61.794088872344	-1.33552295561486	0.45783418420191	-2.9170450824744	0.00353364694377254	0.0612141869552516
"Vezt"	62.3520150700554	-1.41469416343478	0.485462474734316	-2.914116408707	0.00356696870741416	0.061320108350299
"Cnmd"	5.41506479082185	-5.49744969577852	1.88752073852965	-2.91252412943603	0.0035852050001658	0.0613985535335098
"Wrn"	49.2838678063908	-1.38881641766879	0.477705837696587	-2.90726281337782	0.003646067287568	0.0619986370924275
"Mef2c"	19.5415354352632	-2.80179543829062	0.964544383794603	-2.9047864311522	0.00367503769834861	0.0624028678481967
"Fcer1g"	10.5730306181096	-2.79126035335162	0.961327492635963	-2.90354782811628	0.00368960610423783	0.0624735137960157
"Pnrc2"	170.807616720655	-1.08415368893418	0.37338875102789	-2.90355209135156	0.003689555870289	0.0624735137960157
"Cygb"	35.8607865032918	-1.71498794256623	0.592474283153907	-2.89462005580541	0.00379617711904733	0.0639174001601168
"Leng1"	51.7751690336978	-1.49085202345238	0.51539777017365	-2.892624123985	0.00382038193863408	0.0642348531838965
"Adam5"	3.2993496169307	-6.08746519166003	2.10759577778599	-2.8883456950435	0.00387273989460845	0.0649332994899084
"Hapln1"	7.15100914583028	-4.99324411115697	1.72945484100589	-2.88717808222895	0.00388714152346995	0.0650838688832033
"Dlx3"	8.41259539557639	-3.48836280254371	1.20957288871011	-2.88396245906578	0.00392705565194391	0.0655692671788409
"Crocc2"	9.87850285748865	-3.25422373579352	1.1300539569128	-2.87970650948716	0.0039804552034377	0.0660018849686043
"Islr"	239.10155197941	-1.04035869284352	0.362588435428857	-2.86925503184629	0.00411439902902577	0.0675695763932344
"Ednra"	38.5196885380543	-1.68152752201889	0.589910110274026	-2.85048093384564	0.00436531674629297	0.0704376714237192
"Opn3"	7.22218269465308	-3.90039427047555	1.36901503695441	-2.84905144588666	0.00438497892983394	0.0706599624867871
"Appl2"	79.1194576447005	-1.24467746484751	0.437156098525302	-2.84721514590849	0.00441035447586531	0.070973599842846
"Srek1ip1"	80.4687044406484	-1.06769270664234	0.37519022451127	-2.84573700722917	0.00443087724979336	0.0712084088136135
"Mtss1l"	97.2196863680926	-1.1476173617896	0.403921313270324	-2.84119041032519	0.00449454678012167	0.0717513751268094
"Skiv2l"	115.970554813319	-1.12461709128827	0.395907155996568	-2.84060814323351	0.00450276031722798	0.0717870353364169
"Rft1"	62.9601348545238	-1.20461843101851	0.425994659094294	-2.82777824862791	0.00468722621076367	0.0740396719213393
"Esco2"	16.3278222688353	-2.13640621611515	0.756074662558754	-2.82565508660876	0.00471840406914899	0.0743365365487318
"Supt20"	39.2334290848957	-1.54157924786346	0.546315504970691	-2.82177465921667	0.00477587221217097	0.0750597350098313
"Creb5"	47.7515247959607	-1.68947196311066	0.599171990649725	-2.8196778044959	0.00480718903529602	0.0754383063643512
"Lmcd1"	38.5860546027436	-1.45904403698905	0.517869313740196	-2.81739813168583	0.00484144700465095	0.0756890569977888
"Kcnab2"	28.2068594216853	-1.85035148433974	0.657883465451191	-2.81258244280501	0.00491454234075731	0.0765222694985913
"Hrct1"	6.49808256036313	-5.1242092828057	1.82314604743404	-2.81064113871606	0.00494428982418381	0.0767868038024924
"Lcp1"	21.2095142904044	-2.27425110224835	0.811040510334062	-2.80411529790491	0.00504548587286161	0.077801221319084
"Marc1"	4.81448432374302	-5.35154113329451	1.90914070380217	-2.80311509918393	0.00506116035146105	0.0778964487426794
"Tada3"	68.8688795555837	-1.10081684997011	0.393502324058322	-2.79748500241883	0.00515021581884191	0.0788626797260167
"Myo18a"	116.603608420879	-1.07782440458131	0.38580730971786	-2.7936858048893	0.0052111082582018	0.079540662946749
"Hacd2"	82.6146359690634	-1.15770217386458	0.414429575204639	-2.79348348460151	0.00521436915777521	0.079540662946749
"Oplah"	10.795080810509	-4.54630705441021	1.62830644887384	-2.79204633596735	0.00523758552757869	0.0797934191098759
"Lman1l"	13.3408712201851	-2.62247420550362	0.93999431368727	-2.78988305282036	0.00527270832190539	0.0802266963301321
"Sfrp4"	21.0580684349933	-2.20067852637783	0.791579343092675	-2.78011111025188	0.00543403021608809	0.082160620584556
"Smim20"	59.8429458594662	-1.19082904461954	0.429488622998908	-2.77266726253321	0.00555989382338181	0.0832167983224212
"Aamdc"	69.0885542253674	-1.38744082144636	0.500671843594228	-2.77115807329245	0.00558573029755826	0.0832167983224212
"Pcdh9"	8.33885558357638	-3.90062437912216	1.40726743434062	-2.77177193469968	0.00557520829233613	0.0832167983224212
"Tbkbp1"	20.8799874092014	-2.20581441888123	0.799355513921827	-2.75949109058995	0.00578914656632824	0.0852744840843811
"Prune2"	31.3931644652803	-1.87953358270215	0.680801994899329	-2.76076391782618	0.00576663446391051	0.0852744840843811
"Tmem246"	25.1782390128879	-1.75572921430874	0.6368557757777	-2.75687099196788	0.00583573705652128	0.0856768914802115
"Smpd3"	5.94552904120255	-5.12390016822535	1.86371566364618	-2.74929286058633	0.00597239981485909	0.0870129366230381
"Adh1"	4.25242226126454	-5.50324568975432	2.00266852914873	-2.74795634407536	0.00599679930954151	0.0870514821173468
"Col10a1"	28.5651003577572	-2.01831439735929	0.735533284550107	-2.7440150429002	0.0060692756638693	0.0878910185099528
"Cep290"	3.93397753378099	-5.44524584945645	1.98723696044155	-2.74010898440947	0.00614188146573154	0.0884092170217111
"Nat2"	61.4249246588288	-1.22199180616235	0.446388564299544	-2.7375069701435	0.0061906808187466	0.0890049379988658
"Npy2r"	4.60142969070651	-5.13749572603432	1.87800746768022	-2.73560984950732	0.00622648004271351	0.0892457811347293
"Atg4c"	23.0750132482938	-2.69286363296367	0.984436045357673	-2.7354378638028	0.00622973465980035	0.0892457811347293
"Ctss"	14.9304234401084	-2.69395880004078	0.986851169772277	-2.72985317599859	0.00633625384313056	0.0901264542497422
"Tet2"	40.7219902145339	-1.51434349537834	0.554610739930101	-2.73046190120515	0.0063245642894013	0.0901264542497422
"Cyp2j6"	66.5607032744416	-1.21251577867508	0.444780585459861	-2.72609870644749	0.00640878297880208	0.090835229823517
"Ggact"	23.2303471489911	-1.99447494424366	0.733181066396144	-2.72030339524074	0.00652220438049516	0.0920083003382425
"Lamtor2"	86.3285447313618	-1.25462669788774	0.462674866252683	-2.71168111648092	0.00669429584722872	0.0933391656747744
"Msrb2"	21.7660311252885	-1.87493237821603	0.692607576162611	-2.7070630509185	0.00678813638402967	0.0942099159425159
"Trim12a"	9.08344779826451	-5.19354953701779	1.91850606338797	-2.70708007450667	0.00678778829940491	0.0942099159425159
"Cyb561d1"	8.88009515294257	-3.34155136328941	1.2349562626657	-2.7058054315839	0.0068138955805255	0.0944582176030123
"Tnnc1"	7.08881154194999	-3.48332965159795	1.28974372055416	-2.70079210007805	0.00691745640215605	0.0953433571847111
"Rgcc"	111.074410035086	-1.04628486175105	0.387884803030892	-2.69741132824871	0.00698808929378759	0.0958765851107658
"Acaa2"	56.1813413247804	-1.3659609710233	0.506694227308202	-2.6958289583837	0.0070213710078814	0.0962232408100642
"Agtr1a"	28.7400353440411	-1.97971597426459	0.734785761450365	-2.69427645189654	0.00705416288142727	0.0965624006744975
"B230118H07Rik"	79.3827575531871	-1.06818182225985	0.396658802771779	-2.69294873779579	0.00708231573508031	0.0968373580861494
"Six2"	39.1899604905361	-1.39130166664227	0.517711300185756	-2.68740834156617	0.00720088622503076	0.0976798182276771
"Sumf1"	241.595930614674	-1.06993019735725	0.398343159072221	-2.68595097716557	0.00723236993536761	0.0978856832853305
"Pdgfd"	22.1864795900702	-2.16497937538014	0.806993021368132	-2.68277335497864	0.00730144539984636	0.0985982587459568
"Cdkn3"	28.1628345578978	-1.66696374087964	0.621891873233498	-2.68047198014076	0.00735184190986196	0.0991672608178572
"Arsi"	115.511487683721	-1.0064961876508	0.375839251443216	-2.67799646733509	0.0074063999482641	0.0993565509946264
"Dstyk"	81.8407548078782	-1.13635281891376	0.424812039610731	-2.67495436324036	0.00747394233761073	0.099694086403352
"Cped1"	65.9142193086407	-1.1250197293955	0.420988052511258	-2.67233172695658	0.00753261431049493	0.100253918844226
"Dgka"	22.3738683139109	-1.94263156607031	0.729092712537506	-2.66445066953042	0.00771141756382544	0.101848498546055
"C1qa"	8.38826719520122	-3.61731936654544	1.35984801242446	-2.66009093185066	0.0078119557613193	0.102159617554072
"Mns1"	20.8045138044451	-1.80817871978143	0.680309039503401	-2.65787842698861	0.00786342532812503	0.102609153330588
"A930033H14Rik"	4.5850478360413	-4.996305207943	1.88023641110132	-2.65727499927335	0.00787751550675674	0.102681404623903
"Prdm16"	15.943431744777	-1.90852448611859	0.71965356240005	-2.65200450026767	0.00800154754075189	0.103823875891594
"Zfp408"	91.8421645950676	-1.05695128490811	0.398995488703356	-2.64903066534151	0.00807230066956242	0.1042021177829
"Frrs1"	156.279615324809	-1.07100644813585	0.404174034200012	-2.64986455712255	0.00805240452177583	0.1042021177829
"Ogdhl"	9.31853593747459	-3.7040663430159	1.40081832658899	-2.64421607906527	0.00818803672407276	0.105018569308219
"Rfesd"	31.4966748629149	-1.74934957479445	0.663224716390533	-2.6376423127216	0.00834845876644219	0.106168694376206
"Irx5"	17.9319040555333	-2.6232684261209	0.994922071284704	-2.6366571833446	0.00837273996845145	0.106293883256896
"Bmp5"	60.600915822216	-1.37648628915115	0.523759396266023	-2.62808896406321	0.00858660561331189	0.107826569443315
"Zfp940"	3.52052183711583	-5.43971258875304	2.07100394858951	-2.62660657525923	0.00862409812252772	0.108184219394927
"Usp27x"	128.068582489858	-1.03209606515401	0.393040973401479	-2.62592486534414	0.00864138896747545	0.108253138485153
"Gldc"	5.94646890349386	-4.57349662007873	1.74645497650843	-2.61873147696153	0.00882573901855788	0.109834419407237
"Gsta4"	44.5433026487926	-1.36672967220128	0.52259846941443	-2.61525770202255	0.00891601562911952	0.110601527769867
"Mtfmt"	54.145676562107	-1.20738509623146	0.461847240292292	-2.61425205327055	0.0089423039691187	0.11078674834806
"Fam124a"	7.18623140224365	-4.48105794571385	1.71574540799127	-2.61172661447487	0.00900862610219097	0.111263946869138
"Sdk2"	6.67123442705993	-3.67773381340928	1.40814053914177	-2.61176616337655	0.00900758410737199	0.111263946869138
"Prag1"	21.2521810851338	-1.82648894462246	0.701095601504122	-2.6051924169884	0.00918226767811565	0.11203923468667
"Ms4a4d"	58.1275320607094	-1.16508953572369	0.447376470141659	-2.60427092948088	0.00920699440027371	0.11203923468667
"Iars2"	248.779904350189	-1.01999478286519	0.392811355623743	-2.59665299452851	0.00941369719378285	0.114150297572054
"Zfp790"	28.7128914568287	-1.71034863181787	0.658861241724637	-2.59591629239088	0.0094339045247463	0.11416736272135
"Deptor"	33.0214349804934	-1.52922861843575	0.589358527984143	-2.59473401304017	0.00946641466877535	0.114215385023767
"Ankrd1"	54.8514052801326	-1.54384018392242	0.594886856494265	-2.59518287732972	0.00945406011624633	0.114215385023767
"Cacna2d3"	4.00038746175826	-5.15259198712692	1.98783448829999	-2.59206287920553	0.00954023328246316	0.114760020597165
"Cdkn2aip"	87.0746364506319	-1.0072506175793	0.388856479393832	-2.59028888794511	0.00958954197591187	0.115007443976845
"Acot13"	51.2660627431012	-1.31860209830617	0.509441570996557	-2.58832842346719	0.00964429795699809	0.115283265816683
"Chd2"	69.7851640264687	-1.02214860993786	0.395871045375524	-2.58202417650488	0.00982227038042798	0.116748867244592
"Sh3rf3"	16.282338553933	-2.48986495388051	0.964730735641456	-2.58089108379551	0.00985456670025052	0.11701688747429
"Top3b"	56.3571386246583	-1.25142771088169	0.48526061339428	-2.57887756875272	0.00991219105394403	0.11758483557569
"Myoc"	4.34025912472654	-4.97161045798024	1.9297055903319	-2.57635697532759	0.00998475037000148	0.118110965602034
"Lgr4"	191.508352773666	-1.04662765766779	0.406250401307767	-2.5763116892896	0.00998605831620693	0.118110965602034
"Arxes1"	44.2722839855002	-1.28196453351616	0.498477766093407	-2.57175870362879	0.0101183386479587	0.119365832173794
"Frg2f1"	9.60618210980478	-3.06397493666832	1.19292658352763	-2.56845222411573	0.0102153792495705	0.120231007736367
"Kng2"	68.035201016799	-1.2915950785051	0.503065578633786	-2.56744872510019	0.0102449939907231	0.120343593795138
"Rnf39"	12.7065111350455	-2.62423862030981	1.02316799065299	-2.56481696484173	0.0103230244747507	0.121023348456428
"Cntln"	60.6236336651685	-1.11811124688982	0.436804975734715	-2.5597493366671	0.0104747685371346	0.121850384000292
"Hps6"	43.5808910625178	-1.32139951704704	0.516513786953499	-2.55830444496151	0.0105183961149704	0.122239443717541
"Csdc2"	3.96688238307196	-5.27780468992377	2.06455164723608	-2.55639266617013	0.0105763694443056	0.122526422790403
"Slc25a12"	103.589447567591	-1.07652654641239	0.421524194379992	-2.55389028854163	0.0106526816362818	0.122848648456833
"Kazald1"	63.9399510113431	-1.3575247514544	0.532554474904847	-2.54908148447527	0.0108007060975946	0.124316852062918
"Zfp398"	322.515084609691	-1.02030619553777	0.400487016212886	-2.54766360514271	0.0108446988719204	0.124703649384487
"Dnase1l2"	3.24981636529716	-5.20040371645947	2.04267639385315	-2.54587742439704	0.0109003456570665	0.125103871523025
"Aplf"	20.2214019573128	-1.62863390197121	0.641924022099307	-2.53711318770254	0.0111770810064099	0.127548343614021
"Ednrb"	14.244563787774	-2.04634927679918	0.807073863059648	-2.53551672339058	0.0112281567196627	0.1279296557529
"Zbtb9"	41.3688464951727	-1.25968358170779	0.496917251729206	-2.53499667665846	0.0112448392839275	0.127956678297203
"Zfp160"	53.8980496306535	-1.21408895460174	0.479220148380071	-2.53346809124319	0.0112940022348034	0.128151698325912
"Car12"	26.190206095326	-1.47832788071312	0.584780549064464	-2.52800453619423	0.0114712869834569	0.129795287687465
"Ndc80"	47.5762035007702	-1.30850259683104	0.518145474424799	-2.52535757121807	0.0115580621617325	0.13053107831759
"Ltbp4"	67.9351183764125	-1.13575071329638	0.449834734433252	-2.52481773051009	0.0115758310486368	0.130608883213238
"Ccdc12"	84.0836087945357	-2.88119129258064	1.14450819137645	-2.51740556711575	0.0118222656296795	0.132147391884825
"Cyp39a1"	14.0474120347097	-2.34645228951273	0.931989670632239	-2.51768057463657	0.0118130399067512	0.132147391884825
"Parp4"	24.2716988927892	-1.73397813426299	0.688985639846878	-2.51671157420401	0.0118455755393334	0.132161834897488
"Stxbp4"	24.8211169102171	-1.79870146495171	0.715960040303066	-2.51229309416531	0.0119949420391577	0.133398393313095
"Ldb2"	14.07361184675	-2.41772804042668	0.964997163060048	-2.50542502400728	0.0122304325457734	0.13452614063903
"Plcxd2"	14.1019455116127	-2.26102599618729	0.902751391418001	-2.50459430767066	0.0122591918249978	0.13452614063903
"Ercc5"	49.0498474658436	-1.33392522431399	0.533829948086815	-2.49878304710071	0.0124620578364816	0.135882837717495
"L1cam"	8.21325388203447	-3.01581619451041	1.20925062867761	-2.49395462196981	0.0126328693492746	0.13680409958327
"Dnttip2"	81.4825605878143	-1.13128229281068	0.453525541090675	-2.49441804333683	0.0126163858030764	0.13680409958327
"Tbccd1"	72.3706203646627	-1.19193753663914	0.478270116077461	-2.49218484820843	0.0126959944179134	0.13718759044739
"Mb21d1"	267.052922306137	-3.62553672866993	1.4557020300597	-2.49057613014474	0.0127536169541332	0.137562597964393
"Samd5"	93.8141063900527	-1.07734779553752	0.432873249917611	-2.48882968800352	0.0128164345331892	0.137992194234024
"Scyl1"	116.865726794346	-1.01235542913349	0.407297102770605	-2.48554537276849	0.0129353096531171	0.138898383171441
"Cog7"	70.2299017836229	-1.05076301537397	0.42306454744752	-2.48369432445605	0.0130027368804579	0.139413625015282
"Crygs"	4.01192203933981	-4.8394688214305	1.95074585541038	-2.48082999023593	0.0131076873920838	0.14012269558501
"Stk11ip"	12.9064340292578	-2.45996299804659	0.993785276618913	-2.47534659239061	0.0133106931881667	0.141161547459312
"Elmo1"	13.4820968463507	-2.14867104202443	0.868643280872176	-2.4735942697525	0.0133761509288753	0.141605548413711
"Ttc7b"	31.355315724799	-1.48613416940447	0.602041424818603	-2.46849154915252	0.0135683855832896	0.142330091620374
"Ranbp6"	19.7947596961439	-1.6821418808583	0.681267121955436	-2.46913703398757	0.0135439341594408	0.142330091620374
"Taf5"	13.8528854301962	-2.25444873992226	0.913354644508476	-2.46831693852665	0.013575006656004	0.142330091620374
"Acvr2b"	4.54351121979011	-4.45219012478722	1.80524129819143	-2.4662576295189	0.0136533093530738	0.142901463630035
"Ssh2"	65.9668819691574	-1.04877813651678	0.425232682485782	-2.46636295777159	0.0136492947153718	0.142901463630035
"Gprasp1"	52.9700845052429	-1.29374505085643	0.525643425001504	-2.46125983760327	0.0138450055579094	0.144128401582591
"Dyx1c1"	6.62814169441644	-3.54485672915367	1.44203805710895	-2.45822689053057	0.0139624930563392	0.144749334318957
"Ackr4"	17.6291641078081	-1.94656883541376	0.795560328345983	-2.44678972298781	0.0144134902531524	0.148380247683928
"Vav1"	4.27969784727035	-3.9278842918858	1.6054934519622	-2.44652775574091	0.014423969100137	0.148380247683928
"Sgf29"	23.7888523035346	-1.56513991783136	0.639835977334649	-2.44615803623802	0.0144387695342336	0.148405332413077
"Cd68"	23.2559449203818	-1.93848713551482	0.79401929990187	-2.44136022355426	0.0146320513821944	0.149750875399184
"Hspb2"	7.52283297257836	-4.19518460861775	1.72321447001495	-2.43451101509225	0.0149119259805407	0.151197357598303
"Mcoln3"	5.06136400569687	-4.92445618896115	2.02960726645127	-2.42630989273677	0.0152532394115942	0.154137322505209
"Oxsm"	28.7656773335832	-1.61911796500258	0.667978131319276	-2.42390864174666	0.0153544676210362	0.154407793050827
"Adrb3"	3.87020428084585	-4.66517833375257	1.92660480502996	-2.42145058580399	0.0154587025899312	0.155039034746971
"Panx3"	3.888845212187	-5.03519548689497	2.08355510364197	-2.41663658335393	0.0156646480810387	0.156450998513202
"Itgbl1"	138.841609134874	-1.01662584008402	0.421199879078005	-2.41364228857185	0.0157939597104412	0.156678552186469
"Zfp354c"	102.014695027778	-1.14345705067647	0.473594506371839	-2.4144221170055	0.0157601919345997	0.156678552186469
"Mboat1"	58.7679939623821	-1.16268101127476	0.481492063645137	-2.41474595130951	0.015746188080045	0.156678552186469
"Klf8"	10.17048603335	-2.4558485674676	1.01788861974752	-2.41268889328652	0.0158353296427012	0.156721461138193
"Clec4a2"	8.24637430758431	-2.70346280042651	1.12128618366303	-2.41103728897722	0.0159072219892186	0.157173827144501
"Arhgap45"	3.10639198110113	-4.95172428608543	2.05553742793146	-2.40896819430259	0.0159976920823104	0.157678401845761
"Vti1a"	57.673869679691	-1.23621653814606	0.515375949999503	-2.39866943373523	0.016454761899802	0.160862717106778
"Tle6"	58.3544490828111	-1.08088470207793	0.450970152553323	-2.39679875920419	0.0165390043790136	0.16110851569459
"Eef2kmt"	46.3552298029737	-1.12680232723666	0.470752038353494	-2.39362176991899	0.0166829425436985	0.161801404276356
"Fam13c"	72.6250644112918	-1.09654155599966	0.458521456678151	-2.39147272178662	0.0167809309029633	0.162332856962187
"Mid2"	40.5613755863246	-1.17312153704137	0.491764799568436	-2.38553377157308	0.0170543564459739	0.16431585002722
"Mamstr"	5.77170306272755	-4.48824399589575	1.88311718811058	-2.38341194283242	0.017152987654925	0.165007290976476
"Rfx3"	29.1032302997043	-1.37718674972095	0.578288189395758	-2.38148863313281	0.0172428229072897	0.165136551765722
"Fzd9"	3.63934946811074	-4.87901972121013	2.05169336303116	-2.37804528158237	0.0174046884697671	0.165959718093371
"Cdnf"	42.8973654016746	-1.20270150122014	0.506363127018208	-2.37517591042307	0.0175405884880837	0.166068426497985
"Gpr88"	55.3241333357878	-2.74279072323386	1.15472642618362	-2.37527319115646	0.0175359658582418	0.166068426497985
"Cpt2"	81.3760318842569	-1.02534111009713	0.431420031840706	-2.37666551022767	0.017469921944711	0.166068426497985
"Zfp747"	24.5257614206349	-1.85279090808106	0.779540200518142	-2.37677403532179	0.0174647832883397	0.166068426497985
"Pctp"	13.9756879488621	-2.06932883572933	0.87092240821203	-2.37601974207735	0.0175005264469033	0.166068426497985
"Clip3"	75.0936622124077	-1.09258119762916	0.460127982220747	-2.37451587350971	0.0175719806420837	0.166103643785996
"Cdkn1c"	5.69265115612829	-4.36447258693985	1.8393630704134	-2.37281733940594	0.0176529915240806	0.166738130013051
"Aqp2"	31.2115833315002	-1.45468462414549	0.613333738652409	-2.37176684155947	0.0177032582552007	0.167081458611388
"Mkx"	53.8899179098802	-1.11218930003108	0.46928497209354	-2.36996572694297	0.0177897342437775	0.167502556546313
"Optn"	39.1783741689258	-1.33198432184278	0.562482357058255	-2.36804640204	0.0178822929660657	0.168004909145412
"Fyb2"	19.3641116463516	-1.57179319762638	0.664344652819242	-2.3659303811	0.0179848260146772	0.168679027581254
"Ifi44"	28.808914995539	-1.50642706362341	0.636986501571869	-2.36492776519762	0.0180335879139655	0.16873984638126
"Casp8"	34.1731427919773	-1.28636094491189	0.54468795033285	-2.36164751602419	0.0181939318539331	0.169316396826718
"Gpr157"	15.2011420586595	-1.92016688408292	0.814857335622277	-2.35644547841808	0.0184507759528536	0.170779926996151
"Cstad"	11.9811398618898	-2.52234830347566	1.07559209309409	-2.34507888229242	0.0190230544561258	0.174196619943395
"Rps6"	393.011524874875	-1.90102195597889	0.811079979223933	-2.34381565896602	0.0190876027943417	0.174521455861441
"Zfp386"	29.7594193014441	-1.50082293760102	0.640591719125536	-2.34286971372307	0.0191360641178632	0.174527029492002
"Tfb1m"	10.8620661646013	-2.36991966342009	1.0135524796906	-2.33823083748316	0.0193752766212814	0.175414928988298
"Mertk"	16.6253398736125	-1.9508199758632	0.834677910734667	-2.3372128946675	0.019428117023988	0.175728770550079
"Ildr2"	25.1685525209254	-1.63610895219111	0.701041759818912	-2.33382523833351	0.0196048747007726	0.176768658223889
"Cybb"	6.05422443353129	-3.28757387745907	1.40908614967627	-2.33312482577049	0.0196415948420358	0.176892232617134
"Scrn1"	36.7372716795024	-1.24878411475004	0.535858708907091	-2.33043541887561	0.0197831496076406	0.177766999281232
"Gatc"	32.9014866845649	-1.34171474992444	0.57607109863839	-2.32907839517681	0.0198549129998318	0.178012121406259
"Hivep3"	54.0380574589051	-1.10279003695411	0.473567893894707	-2.32868412570069	0.0198758056898616	0.178066453214021
"Dlx5"	18.3023469224164	-1.88858823078309	0.81191573125879	-2.32608897459719	0.020013804606195	0.17876914010221
"Hspb7"	10.162242464007	-2.48754047902578	1.06986864788875	-2.3250896116403	0.0200671690182854	0.179061442031743
"P2ry6"	3.84804353063206	-4.90348849193114	2.11176282468117	-2.3219882624231	0.0202335676559836	0.179795691865346
"Ganc"	36.8587954122518	-1.41515879006399	0.610952290730435	-2.31631636632719	0.020541001381431	0.181720502272719
"Cav3"	16.4369120463922	-1.85926717296452	0.803200122187019	-2.31482431539222	0.0206225486609728	0.182068979501672
"Ttc5"	13.5303889773426	-2.13210047603755	0.921877866430139	-2.31277976582066	0.0207347508216086	0.182685143445626
"Rab3b"	7.99998016653867	-3.31850938204618	1.4353683245657	-2.31195667707817	0.0207800708651633	0.182758059147462
"Pcp4l1"	19.4311064436894	-1.92279763174003	0.831896241813115	-2.31134309195736	0.0208139115956825	0.182921675480358
"0610009O20Rik"	24.8372288753194	-1.41770213859256	0.613770605705598	-2.30982410270814	0.0208978943279429	0.183257283715818
"Cmc4"	19.2665312487146	-1.596149004884	0.692378353728414	-2.30531326736145	0.021149035026052	0.18429966507124
"Podn"	108.799793518806	-1.10325361200178	0.478813169655315	-2.30414216216313	0.0212146646494385	0.18429966507124
"Cep350"	69.2052163044259	-1.0767250570159	0.467524771386776	-2.30303317153037	0.0212769767937374	0.184500182285825
"Dact3"	65.3887440434417	-1.08617692747043	0.472842732237701	-2.2971209102235	0.0216118732372179	0.186490346488855
"Prlr"	3.68276160394478	-5.0441782010415	2.19660718835018	-2.29634967407626	0.0216558960013081	0.186632470564037
"Gm10762"	19.3760390331776	-1.91646644694657	0.836053182851768	-2.29227815437473	0.0218895975863203	0.188106384412151
"Rab3il1"	21.7466373445387	-1.78557727935193	0.779423192876721	-2.29089574915222	0.0219694439059886	0.188253514697639
"Cyp2j9"	4.28414689414912	-4.67665291658499	2.04358537244926	-2.28845487917149	0.0221110448690664	0.188927468792272
"Cpt1a"	70.945803557081	-1.05247893391833	0.461214455615158	-2.28197299782063	0.0224909344923807	0.191763969162664
"Rgl3"	29.9783071544593	-1.4353626204532	0.629458326794444	-2.28031397688053	0.0225890734330696	0.192327536570213
"Itga3"	12.6024500093189	-2.16305141066618	0.94849770660795	-2.28050252056144	0.0225779014685505	0.192327536570213
"C4b"	64.1083470089574	-1.18010321489108	0.518563252881444	-2.27571700912806	0.0228629526578618	0.193561175357991
"Zbtb7c"	22.345465179003	-1.6912553980492	0.743275545778759	-2.2754083699568	0.0228814437433592	0.193581206581415
"Rbm45"	138.904366314876	-1.0049110384966	0.445268711556511	-2.25686425391034	0.0240165582713936	0.200221376422278
"Ints12"	23.3036925454774	-1.48938310649602	0.662287337474401	-2.24884732384542	0.0245222113409668	0.20302867426913
"Tnni3"	12.2067512484016	-2.40903267050467	1.07123149387934	-2.24884414271714	0.0245224138017692	0.20302867426913
"Oxtr"	18.1905224532062	-1.86740923492976	0.830958383661725	-2.24729573904866	0.024621133017	0.203666259290472
"Naalad2"	21.8591158444555	-1.53844851586455	0.68551508288484	-2.2442227082595	0.0248180756679408	0.204349107265864
"Ezh1"	68.1338056131939	-1.10333083577386	0.491564711496633	-2.24452815665841	0.0247984393859013	0.204349107265864
"Ifitm10"	17.2510999714228	-1.67009048442026	0.745045894264262	-2.24159410484301	0.0249876173335582	0.205411962621374
"Zmat5"	33.4090813569055	-1.37892645500257	0.615273069258064	-2.24116172785747	0.0250156009456434	0.205411962621374
"Ccdc157"	53.6327905567138	-1.09804309124043	0.490061389640266	-2.24062355136049	0.0250504698469674	0.205462776804102
"Aldh6a1"	59.1882069053515	-1.11239968492211	0.496931284317696	-2.23853824467799	0.0251859763035058	0.206246688624548
"Nfkbid"	4.50186075019334	-4.47386814633863	1.99933403223053	-2.23767918427688	0.0252419836403284	0.20646166593168
"Atp12a"	102.67485527865	-2.14297634627937	0.958585600682941	-2.23556075195853	0.025380557930996	0.206992933397831
"Gper1"	9.71360590520643	-2.33172751207912	1.04495826959948	-2.23140730105217	0.0256541616770298	0.208824968564989
"Synm"	30.8660082233942	-1.3065968521425	0.586349647999969	-2.22835786906206	0.0258566602084814	0.209991180030253
"Mthfsl"	29.9516755145965	-1.27560763040824	0.573401225132679	-2.22463359772745	0.0261058452616261	0.211186436904193
"1500009L16Rik"	40.0815363517535	-1.21187096552617	0.545180193841705	-2.2228814971918	0.0262237917449275	0.211855060496537
"Serpini1"	5.2403294114153	-3.25944677417381	1.4672929165141	-2.22140156030835	0.026323775451592	0.211963380110362
"Terf2ip"	45.1293257973182	-1.22555156986114	0.551695868803902	-2.22142604134083	0.0263221188510386	0.211963380110362
"Mettl18"	19.9682094784091	-1.45483807275164	0.656217721402168	-2.21700515743925	0.0266227391003714	0.213363879794199
"Prss12"	8.79867114865096	-2.81768545622859	1.2708861942224	-2.21710289169724	0.0266160612474474	0.213363879794199
"Pik3r3"	46.5188894483115	-1.02760540134815	0.464074674929172	-2.21431044800061	0.0268074303930944	0.214120560125814
"Papolg"	30.2181894884891	-1.42759214193157	0.644816144661825	-2.21395223080259	0.0268320651757897	0.214174828746912
"Pla2g5"	15.4128843718422	-1.78599830606573	0.807746087579194	-2.21108877347626	0.0270296902203545	0.215037396352124
"Utp14b"	53.1806107608419	-1.38311045038671	0.625849238992638	-2.2099738470769	0.0271069774072699	0.215380137330558
"Slitrk6"	33.0772031077314	-1.27601628117804	0.57758473194776	-2.20922785973755	0.0271587960198202	0.215493288974184
"P2rx6"	5.49511032181467	-3.58996327232874	1.62488391636097	-2.20936599604524	0.0271491941953713	0.215493288974184
"Wdr5b"	26.382405413027	-1.37618735175258	0.623403943683815	-2.20753712852764	0.0272765560453601	0.215770597354788
"Nr1h3"	9.92527509818182	-2.48484726723575	1.12729632723681	-2.20425384807783	0.0275064967040327	0.216392852511083
"Enpp3"	10.0831122623853	-2.29164915277345	1.04182076603853	-2.19965777941568	0.0278311844407315	0.216650622978819
"Zc3h12b"	12.4308755302764	-1.88168433173823	0.856424822704578	-2.19713894536113	0.0280105244285165	0.217507338786766
"Abcc9"	12.4594047566457	-2.00495751643666	0.913645766930152	-2.19445827804064	0.0282024802142173	0.218010801655942
"Dicer1"	65.4969551413831	-1.09384867154442	0.49868143604054	-2.1934818352763	0.0282726819214037	0.218412835563997
"Wdr47"	8.94260255793476	-2.38037465919001	1.08869589887996	-2.18644587679528	0.0287830003173661	0.221358051768084
"Cavin4"	19.6021651047655	-1.7010259443812	0.778443555783364	-2.18516285701591	0.0288769078236621	0.221745925793692
"Wdr83"	51.8252193611239	-1.03105704504803	0.472554956197907	-2.18187753937389	0.0291185719210797	0.222448527339349
"Sat2"	43.2758991000068	-1.14995608024278	0.527023898677598	-2.18198089902229	0.0291109424713106	0.222448527339349
"Zscan20"	12.7274459896555	-1.94393881194796	0.892164247167198	-2.17890239170687	0.0293389200684803	0.223255877731072
"Maml2"	59.777046042965	-1.02177889664787	0.469581227367004	-2.17593642398589	0.0295600147470131	0.224457923490128
"Asap3"	40.3993217669228	-1.07736787183094	0.495525635658026	-2.17419199795843	0.0296907190857094	0.225165560722641
"Cluap1"	31.1461667673856	-1.257427941261	0.578929489873945	-2.17198806288964	0.0298565633149548	0.225994982721332
"Nme4"	78.4072484667379	-1.08764323345067	0.50157893049834	-2.16843883846964	0.0301253133659397	0.227124465367776
"Htra4"	5.35927166464043	-3.29685887740566	1.52891903148469	-2.15633320634656	0.0310576561355327	0.231600012047209
"Fsd1l"	5.56168523593277	-3.48151624202921	1.6154743268867	-2.15510465507595	0.031153645533547	0.231865787123516
"Dalrd3"	45.1825479552751	-1.15321301741675	0.535641383555124	-2.15295728228226	0.0313220359275053	0.232585249869436
"Heyl"	7.83177344251857	-3.06405177526408	1.42449302511961	-2.15097702918328	0.0314780128189067	0.232979990068419
"Fgd6"	9.79808038470017	-2.29806273072111	1.07324872760677	-2.14122101578965	0.0322562190534509	0.236744557147199
"Mamdc4"	3.76207688224093	-4.47749670122135	2.09557363427329	-2.13664489187662	0.0326268853871304	0.238231255449002
"Cep295"	8.14024859809832	-2.28250621793708	1.07070894126916	-2.13177095096592	0.0330256808060104	0.23941624279961
"Kng1"	32.47158420497	-1.25992452308181	0.591353824068922	-2.13057643630789	0.0331240525334167	0.239704064632128
"Catsper2"	4.78100424966378	-3.98989332725553	1.87370461191657	-2.12941426406288	0.0332200013518935	0.24010000977091
"Yars2"	40.5157916281741	-1.13403211259321	0.53277070937318	-2.12855566689736	0.0332910397194172	0.240201530780812
"Mxd1"	45.6759715297896	-1.04205078003347	0.489789426071502	-2.12754854344558	0.0333745324353862	0.240449137364263
"Ddhd1"	14.5546142276782	-1.79991834528302	0.84676878606692	-2.12563142961764	0.0335339605009359	0.241248396017988
"Tmem17"	25.9157538385079	-1.35902355344724	0.640488813143712	-2.12185369292672	0.0338500261213884	0.242463940087869
"C1qtnf12"	84.2468174692737	-1.02102511901846	0.481717254449042	-2.11955272431801	0.0340437829315512	0.243222576190047
"Amy1"	4.82025947317274	-3.81077144613195	1.79845435562684	-2.11891474154412	0.0340976728911351	0.243298459091841
"Best1"	9.24748093831271	-2.35512489575353	1.11154349727591	-2.1187878850673	0.0341083970555243	0.243298459091841
"Frzb"	98.0870420719613	-2.0736213229008	0.98009482895765	-2.11573539787587	0.0343673182068111	0.244464790776284
"Mthfs"	22.5539520472247	-1.41929752460832	0.67462717895016	-2.10382499978284	0.0353937152055961	0.249803434530465
"Irak1bp1"	20.2082725869575	-1.6301860428603	0.776715112198263	-2.09882106998863	0.0358326767468531	0.251709353040358
"Tmem158"	65.3987825184163	-1.12193278884617	0.534536557169385	-2.09888879216664	0.0358267050784315	0.251709353040358
"Ring1"	37.0502213247747	-1.22134495032155	0.581594858964846	-2.09999268648173	0.0357294844802395	0.251709353040358
"Ncoa1"	43.0072798757368	-1.2372392945431	0.59227160055846	-2.0889728519424	0.0367101670382263	0.253779180906688
"Fchsd1"	14.8953262747567	-1.87184099193477	0.895432760021554	-2.09043166109951	0.0365790412705143	0.253779180906688
"Lilr4b"	3.08980111044319	-4.54584024415779	2.18169759998667	-2.08362526694147	0.0371942668439746	0.256084737519259
"Clu"	44.3704757059402	-1.09230777015044	0.524604447390097	-2.08215499427171	0.0373283146438948	0.256084737519259
"Cacna1b"	9.99105294849024	-2.4787429605137	1.19469904724215	-2.07478441222135	0.0380065198909929	0.259332649771297
"Itih5"	9.20028945820547	-3.07745101497769	1.48361557765672	-2.07429138742148	0.0380522572024785	0.259382785533277
"Cyb561d2"	56.3731893094226	-1.02397631436622	0.494249572103985	-2.07177987025306	0.0382859747802623	0.260087284056152
"Decr2"	52.1240000104003	-1.10978069212188	0.5364862089327	-2.06860991698129	0.0385827065801874	0.261412599583048
"Gpnmb"	56.9527197180914	-1.06758593714319	0.516812637686487	-2.06571174792133	0.0388557053522433	0.262500136608711
"Coro7"	14.8935508266538	-1.49992822190502	0.727583107966983	-2.06152150246605	0.0392533142430721	0.264293907733079
"Evc"	29.4062355389085	-1.20433164311713	0.585578354230975	-2.05665328032617	0.0397195891968432	0.265941811660961
"Meltf"	3.14785424618317	-4.4285676475363	2.15422516859279	-2.05575893927058	0.0398057576526101	0.266203886106964
"Clec14a"	31.7270306747997	-1.2646525617558	0.615755209828303	-2.05382356749923	0.0399927710615136	0.266729564774151
"Hist1h2ag"	3.24154858645393	-3.82681014494619	1.86569863287574	-2.05114056338652	0.0402532600734875	0.267580049515902
"Pyroxd1"	33.6315161805003	-1.13745361828574	0.554970332602077	-2.04957553848436	0.0404058695047236	0.2678478538952
"Tmem231"	78.9397939111102	-1.09139373933573	0.532392149323974	-2.04998090359065	0.0403662943526043	0.2678478538952
"Retn"	3.66216917201482	-4.25141489568086	2.07782410394735	-2.04608989163434	0.0407475273436855	0.269220729642787
"Lin37"	14.0888676352964	-1.85972677980688	0.909747889600292	-2.04422214227282	0.0409316067053735	0.269516924095779
"Trf"	7.04275362172561	-2.52844689841318	1.23753475832847	-2.04313202631039	0.0410393703280269	0.269812508646201
"Ccdc17"	3.84189410611754	-4.25295083973841	2.0834863856522	-2.04126644120456	0.0412243508003515	0.269821254102491
"Oscp1"	19.908792652882	-1.39896943419592	0.685079681190962	-2.04205360720072	0.0411462140851955	0.269821254102491
"Pnpla2"	18.7562746626222	-1.5491331457136	0.759568335290763	-2.03949147659057	0.0414010010311896	0.270412958313074
"Dchs2"	3.49564389157509	-4.44587407534952	2.18161816181204	-2.03787910880647	0.0415620243479126	0.271265010111912
"Aldh3a1"	13.204155050749	-2.00219485007012	0.982623249175366	-2.03760174792363	0.041589777102929	0.271265010111912
"Mapk12"	14.6520380902125	-1.75799285908843	0.862815529877777	-2.03750720543644	0.0415992406177451	0.271265010111912
"Plxna4"	20.2680259560079	-1.3778909935889	0.677668102687698	-2.03328294208337	0.0420239455289728	0.272533109506315
"Gzmd"	12.99324446524	-1.92381425470056	0.946413278932757	-2.03274224646339	0.0420785707159862	0.272533109506315
"Gm6133"	3.72228852403383	-3.79895779249233	1.86921344775076	-2.03238308448061	0.0421148891945063	0.272533109506315
"Ticrr"	23.0730153226108	-1.3184137505419	0.648938857662524	-2.03164556255858	0.042189550609465	0.272635134047725
"Mon1b"	27.1660227436392	-1.22686150162914	0.604000719454826	-2.03122523220917	0.042232151907871	0.272725650163524
"Spsb2"	24.3412467671501	-1.2211804382832	0.602185504294214	-2.02791403907086	0.0425690220386593	0.273723143853297
"Ppip5k1"	16.2896763703969	-1.51017834197454	0.746164411087115	-2.02392169813393	0.0429782089888997	0.274735569175581
"Hfe"	35.6351380710907	-1.2853660517095	0.63601948127049	-2.02095390088036	0.0432845373941333	0.275253263376578
"Tmtc1"	21.1328478848968	-1.67897853575532	0.831418097798082	-2.01941543033753	0.043444059093241	0.276096309907019
"Gm7361"	5.60949427386829	-3.0946495938345	1.53782517108049	-2.01235462393957	0.0441825681274136	0.279117265827388
"Cep162"	20.7458594920837	-1.32346643693751	0.658042682443014	-2.01121670713529	0.0443025718225116	0.279169608554005
"Ube2cbp"	12.6409168441356	-1.86350846920949	0.928431491775405	-2.00715775554529	0.044732868129294	0.280867197642351
"Ice2"	37.5356318110918	-1.10079849001583	0.549194233704875	-2.0043882882561	0.0450284829046494	0.281985882770118
"Wdr59"	45.7616126029842	-1.05439327568102	0.52617614507735	-2.00387890166708	0.0450830341303816	0.28218030486717
"Phkg1"	3.27695571004123	-4.26391899361537	2.13033630231113	-2.00152388568396	0.0453359623421007	0.282688586891356
"Frmd3"	7.41854452488128	-2.32739310164227	1.16617779083207	-1.99574466255413	0.0459617229483697	0.284858277746607
"Nckap5"	15.7630910766153	-1.69883105824269	0.851847766568345	-1.99428950208604	0.046120425831062	0.285252814065894
"Clec3b"	29.2562037315612	-1.42455959745956	0.714811283987697	-1.99291705289319	0.0462705306768033	0.285592658496156
"Entpd2"	13.9044110763068	-1.82412610896302	0.916401370507729	-1.99053184299842	0.0465323798381835	0.286325586856685
"Pou5f2"	4.89321098198494	-2.96916470598221	1.49315162843877	-1.98852189518538	0.0467539999262623	0.28710064916357
"Platr25"	29.5072036253496	-1.35159366978696	0.680587951047964	-1.98592065537715	0.047042134816684	0.287906072739024
"Optc"	5.71534172458262	-2.71118529126653	1.36577441919541	-1.98509010943675	0.0471344470031836	0.288110507267423
"Mgst2"	26.5503965275606	-1.28466727372251	0.64731170794456	-1.98461924596077	0.0471868494256652	0.288175979897925
"Sfi1"	11.5437525325128	-1.82705384974878	0.921407239539561	-1.98289504504196	0.047379154259928	0.288801947215913
"Fam160b2"	302.503184037717	-1.48668624078148	0.750318527606051	-1.98140681068461	0.0475456706042077	0.289151862007859
"Pltp"	22.661692820635	-1.52779637815597	0.771683174147278	-1.97982336448402	0.0477233800306195	0.289353119832115
"Nptxr"	48.8076860021692	-1.12756084153259	0.569646943785656	-1.97940295095634	0.0477706565313307	0.289493554597993
"Eya1"	8.26808792464193	-2.14855972599274	1.08622039559911	-1.97801453065857	0.0479270674509892	0.290294876260911
"Tshz2"	27.826585364862	-1.11782452476726	0.56617503790521	-1.97434441635416	0.0483425936673912	0.292009526067367
"Paqr3"	9.65280188745858	-1.93173325743085	0.97931120162232	-1.97254279766304	0.0485476756914386	0.292128746184029
"Fam83h"	10.8548644194109	-1.93584102367047	0.982187553093151	-1.97094843807991	0.0487297738695373	0.292189820635175
"Cobl"	6.08238382918793	-2.63386818018174	1.33690545940222	-1.97012298936937	0.0488242767542134	0.292335850601795
"Myl4"	11.2608324234913	-1.61175145678229	0.818272718297857	-1.96969961327197	0.0488728073434238	0.292335850601795
"Prdm6"	5.38795370023962	-3.56959805138031	1.81326115593742	-1.96860669501018	0.0489982731696319	0.292648890249468
"Ntng2"	13.7018581246913	-1.63220758261394	0.829354336479047	-1.96804611831335	0.049062731587585	0.292742590809621
"Akr1c14"	8.25405897283823	-2.74700093730874	1.39602075563711	-1.96773645822699	0.0490983686365469	0.292809694725159
"Idua"	27.0916561091635	-1.30135015487149	0.661464792476751	-1.96737629828912	0.0491398447555842	0.292911537383708
"Nprl2"	25.949458338288	-1.30015164213284	0.66224506082564	-1.96324852995038	0.0496173028630715	0.294377346288347
"Rgs8"	5.81952562640855	-2.61791732656154	1.33484533004699	-1.96121398309824	0.0498540663702472	0.29482663387922
