"X"	"baseMean"	"log2FoldChange"	"lfcSE"	"stat"	"pvalue"	"padj"
"Thbs4"	3632.37468244597	-1.71274173735495	0.212893042721714	-8.04508083241494	8.61885149878062e-16	4.1525626521125e-12
"Hspa8"	1711.3981326337	-2.33865883836497	0.29830194591573	-7.83990473540405	4.50888369150521e-15	1.44825344171147e-11
"Igfbp2"	983.24041922053	-2.20744895011859	0.284556577338467	-7.75750457348566	8.66167559475116e-15	2.08659765077556e-11
"Bmp4"	178.515057134191	-3.19135881667812	0.471413891532554	-6.76975980979919	1.28996369582893e-11	2.48601803460151e-08
"Ammecr1"	113.536255792894	-2.04785976219595	0.311823271023527	-6.56737310039132	5.12106209101914e-11	8.22442571817673e-08
"Nnmt"	211.438446700336	-2.1110713497574	0.342645458047174	-6.16109538351667	7.22434575740676e-10	9.94482795976736e-07
"Prg4"	1318.08074570701	-1.32331791387403	0.222319935868448	-5.95231331236563	2.64378629994703e-09	3.18444059828619e-06
"Aldh2"	237.644730136018	-1.73183284287497	0.298641561656327	-5.7990349141957	6.66976462870038e-09	7.14109466246187e-06
"Pdlim2"	1601.71577998009	-1.30012440850254	0.237589630355342	-5.4721428984845	4.44626072959624e-08	3.57034736586578e-05
"Akr1e1"	46.1417049861389	-3.03953926629255	0.562199723503963	-5.40651149265662	6.42641056294476e-08	4.42320658460969e-05
"Ogn"	250.413900952614	-1.49717001971046	0.281342564447257	-5.32151977306348	1.02903923551216e-07	5.28077815017266e-05
"Atf4"	3051.22376274105	-1.3405988050949	0.252021914903795	-5.31937393463047	1.04124932392363e-07	5.28077815017266e-05
"Cfb"	501.192429338806	-1.61416880220181	0.302363736858727	-5.33849997678787	9.37187188398697e-08	5.28077815017266e-05
"Phldb2"	968.291362774323	-1.18107702478581	0.22837239668378	-5.17171532959479	2.31954770819756e-07	0.000101596189619053
"Prdx3"	206.343858637925	-1.76936818039595	0.341741853397791	-5.1774992228897	2.24879880510255e-07	0.000101596189619053
"Agtr1a"	28.7400353440411	-3.33095474896769	0.651435464646958	-5.11325362178874	3.16656685299681e-07	0.00011947130275762
"Dync1h1"	1025.51870441277	-1.368189874495	0.26783903913086	-5.10825411760282	3.25149169433728e-07	0.00011947130275762
"Cdkn1b"	111.840139087812	-1.84776536982044	0.364407053619603	-5.07060813303926	3.96546528180738e-07	0.00013176283950171
"Adm"	6617.13794007612	-1.32863770872889	0.263693220687457	-5.0385736321362	4.69013984970345e-07	0.000145787701908847
"Cacng7"	95.0663296073131	-1.80647800494927	0.36388449321959	-4.9644270053001	6.89041948201973e-07	0.000207487756652319
"Gadd45a"	79.25093364583	-2.16451865412355	0.438521075342207	-4.93595125943361	7.97610267821439e-07	0.00023290219820386
"Ndnf"	145.420119708843	-1.71361022723662	0.356077666342408	-4.81246196886944	1.49082249031563e-06	0.000378041197807406
"Ccdc25"	543.098384494802	-1.4148883573273	0.295913719704466	-4.78142195887496	1.74059574880981e-06	0.000420868543674675
"Rasa3"	782.575699991307	-1.10922786416059	0.234261465200196	-4.73499925910844	2.19055899252572e-06	0.000502576820285186
"Tnn"	504.844412644102	-1.33388461714222	0.282268435647528	-4.72558900920772	2.29449301368924e-06	0.000514179876276966
"Cdkn2a"	290.400741484519	-1.63845283744636	0.348180009610609	-4.70576366310847	2.52917387413562e-06	0.000553889078435701
"Rbm45"	138.904366314876	-1.86171291981883	0.39689888386479	-4.69064790933766	2.72341270865984e-06	0.000570495757840136
"Tmem176b"	294.861073088772	-1.25041007509636	0.268521174531397	-4.65665352938546	3.2139063146599e-06	0.000658919175490699
"Rspo2"	323.723575254065	-1.32462806674885	0.289908030358835	-4.56913202821352	4.89748206938056e-06	0.000893155351236173
"Ddah2"	505.724936088353	-1.31889567011451	0.289770181767277	-4.55152307967201	5.32589540589731e-06	0.000950376446874565
"Angpt4"	105.987436268151	-1.89037072625686	0.415924612154442	-4.54498404522146	5.49394154210983e-06	0.000962538558177642
"Cbr2"	181.590166944577	-1.32628911992711	0.293530497552754	-4.51840313352363	6.23077670824248e-06	0.0010533291993092
"H2-K1"	628.674944221415	-1.23308238434415	0.273312542895501	-4.51162018135264	6.43343143230139e-06	0.00106883698761476
"Cfl1"	1336.1526145184	-1.28928015219238	0.286683558237597	-4.49722390819447	6.88464743280907e-06	0.00112441462139912
"Tmem263"	556.714545902879	-1.07489169647084	0.241671117581293	-4.44774579283049	8.67761374490234e-06	0.00130652321946686
"Psmb10"	133.092538734519	-1.49988132015224	0.338067113607221	-4.43663775558736	9.1374868329627e-06	0.00135459727880659
"Mmp23"	174.576120554158	-1.20016335183825	0.271697519216219	-4.4172775493145	9.9951850786473e-06	0.00139584932489631
"Casp12"	77.7688928071162	-1.81957689929437	0.411497129451417	-4.42184591110057	9.78612387562293e-06	0.00139584932489631
"Nupr1"	546.400493429133	-1.15470409170947	0.262124790360267	-4.40516934747924	1.05701269062707e-05	0.00145505346955463
"Pth1r"	292.962602936475	-1.47295085895266	0.340444199936426	-4.32655589147271	1.51458901399369e-05	0.00194594396517909
"S100a13"	340.222184959277	-1.38284935577259	0.319875470354466	-4.32308658816573	1.53861311200664e-05	0.00195079946674947
"Mmp13"	1302.26869040015	-1.34480132551667	0.312296143300611	-4.30617333696044	1.66102917807224e-05	0.00205200989229539
"Arpc3"	310.432603298575	-1.0937866964665	0.255361620365281	-4.28328538525837	1.84153722336372e-05	0.0022181315855416
"Reep5"	598.103492669813	-1.17373521926921	0.275878052284629	-4.25454366358308	2.09475782058681e-05	0.00246159589746031
"Pknox2"	20.3803968222428	-3.45898947823649	0.815134820802596	-4.24345689812479	2.20102663353222e-05	0.00250766531116597
"Rcan2"	223.440071677886	-1.43721018034808	0.340362996288363	-4.22258058608242	2.41521002068139e-05	0.00270615857666115
"Igsf10"	166.314984445937	-1.12401814322275	0.266684412954186	-4.21478754896651	2.50013426737632e-05	0.00273764702277707
"Col14a1"	143.076242009769	-1.24498698218464	0.300187490524486	-4.14736463537974	3.3632419529684e-05	0.00346971524211757
"Ggps1"	78.3300565445054	-1.31707225273026	0.318159209281356	-4.13966408737689	3.4781474384509e-05	0.00352793986493819
"Slc16a2"	346.004091788479	-1.03115293694236	0.249546888681286	-4.13210095461985	3.59462467667491e-05	0.00357090756540613
"Actr3b"	230.996096401776	-1.51745792318167	0.368133596663202	-4.12203052624388	3.75547420010337e-05	0.00364548889477147
"Rps24"	8975.44387530621	-1.27944864042971	0.310680808919962	-4.11820944099358	3.81827601487058e-05	0.00364548889477147
"Hoxd13"	210.606303254919	-1.143320906963	0.278542560558541	-4.10465425703843	4.0492000945073e-05	0.00373809476315669
"Hps6"	43.5808910625178	-1.86355263233645	0.453774747827536	-4.10677906000339	4.01214664205711e-05	0.00373809476315669
"Col8a2"	134.132203822534	-1.61419765524234	0.394067486461309	-4.096246736156	4.19902393364104e-05	0.00378147613313692
"Furin"	467.70308646301	-1.06546858051127	0.260089291373738	-4.09654920771127	4.19354380836019e-05	0.00378147613313692
"Pygl"	155.133645994362	-1.14167426313786	0.279734065804997	-4.08128434358695	4.47875223938978e-05	0.00388804113322162
"Aspn"	413.633498604318	-1.24137533236945	0.304700845638576	-4.07407905208742	4.6196788959998e-05	0.00393940051697824
"Il11ra1"	1646.90062979578	-1.13140708324025	0.280945149275106	-4.02714581888852	5.64580212458231e-05	0.00461041942987077
"Mapk1ip1"	33.710699092272	-2.68064343479816	0.668409535301287	-4.01048054108003	6.05952945125065e-05	0.00490669124304633
"Rbpms2"	86.8404771466762	-1.29406547806814	0.324377886920104	-3.98937637320165	6.62472352505662e-05	0.00524388598610449
"Tmem127"	272.212103461522	-1.05490900968629	0.265910239175015	-3.96716205046914	7.27335403455872e-05	0.00543302631604712
"Tmem5"	87.7438805618917	-1.34169022750452	0.341526926307741	-3.92850497033889	8.54755844834196e-05	0.00619280249685888
"Npr2"	105.870082483024	-1.36053623937598	0.346569503074723	-3.9257240677713	8.64692346198261e-05	0.00621804137907944
"Cilp"	954.657487219049	-1.06260387263036	0.271009803778955	-3.92090565659777	8.82167977787804e-05	0.00627477706255433
"Irf1"	319.492761393381	-1.04875756437676	0.267542350400143	-3.9199684192361	8.85605729044613e-05	0.00627477706255433
"Lrp4"	116.109143883874	-1.62199240559935	0.414396284205928	-3.9141094344208	9.07384787925059e-05	0.00638216044996049
"Rps8"	4680.98549215487	-1.25434678918836	0.321339997152311	-3.90348789538893	9.48162944513847e-05	0.00651417286007504
"S100b"	32.6995391721686	-3.1861560775053	0.817475044103203	-3.89755760801311	9.71677124731116e-05	0.00654760893280352
"Zfp398"	322.515084609691	-1.40784841983131	0.361987030934698	-3.88922336857224	0.000100565526931734	0.00667082688067776
"Gbf1"	158.146277077176	-1.06498492102508	0.273806879130103	-3.88954771482946	0.000100431221616168	0.00667082688067776
"Tsr3"	186.880220206992	-1.28511338124192	0.332503457518513	-3.86496246033883	0.0001111062867027	0.00713746785778142
"Col10a1"	28.5651003577572	-2.5362572907557	0.658310780007825	-3.85267470589735	0.000116834559626738	0.00745574712955796
"Heca"	129.015709391653	-1.5374785181581	0.399746133376476	-3.84613731012657	0.000119994534610044	0.00755730284642084
"Vezt"	62.3520150700554	-1.64930706610728	0.430707977855008	-3.82929304983176	0.000128511901772039	0.00793808131714978
"Aldh1a2"	180.25249117784	-1.33011780260613	0.34894131777481	-3.81186673761727	0.000137921232795192	0.00835722056499895
"Isoc2b"	56.7576083508967	-1.6295937563016	0.429777134035793	-3.79171814237536	0.000149608654260959	0.00889894439789258
"Lum"	540.356211546578	-1.06069320168192	0.28040514233319	-3.78271665368231	0.000155125968204071	0.00911459652203917
"Naglu"	44.5671045130983	-1.81941939053222	0.480861430697084	-3.78366671640661	0.000154534727763143	0.00911459652203917
"Ecsit"	50.4622474752109	-1.68488735264557	0.445752206474887	-3.77987439696611	0.000156907491589165	0.00916339750880727
"Med7"	145.797764401866	-1.15714759960612	0.30653206161958	-3.77496433323244	0.000160030558950449	0.00917889563122934
"Mrc2"	104.465888695937	-1.4299359558629	0.378513286738427	-3.77776951552841	0.000158239220233248	0.00917889563122934
"Adamts4"	88.7405838806045	-1.6031745726652	0.428443216168662	-3.74186009292323	0.000182663204659875	0.00994430870114436
"Lrrk1"	94.9582034585394	-1.26545386210196	0.340015316764841	-3.72175546131989	0.00019784257339869	0.0105911724292766
"Ercc5"	49.0498474658436	-1.75977214562578	0.47313082957429	-3.71941973683934	0.000199680986799624	0.0106305303248684
"Plxdc2"	434.967520853787	-2.14759184538512	0.578719588348377	-3.71093684855941	0.000206493618074276	0.0108064374468677
"Pamr1"	47.3194421502425	-1.76408232913621	0.475139502005246	-3.71276713826403	0.000205005492443321	0.0108064374468677
"Lpar1"	1128.30126010488	-1.22895422300966	0.331399544743276	-3.70837631645416	0.000208592503644395	0.0108064374468677
"Atg4c"	23.0750132482938	-3.32248968465611	0.895651350370104	-3.70957927242914	0.000207603949243429	0.0108064374468677
"Lyz2"	110.869153510014	-2.90061934358296	0.786256517072398	-3.68915141636387	0.000225003283828809	0.0112523808436172
"Ndufa5"	894.49080417516	-1.14510977160573	0.31097897805716	-3.68227389118005	0.000231162864613144	0.0113647212418992
"Drosha"	104.75962043588	-1.71877794702272	0.466711499791843	-3.68274179614024	0.000230738837571615	0.0113647212418992
"Pdp1"	232.773749319377	-1.15479275468231	0.313837204398652	-3.679591643365	0.000233607729473501	0.0114104629884631
"Angptl7"	115.184561417072	-1.79292575076691	0.4896728514845	-3.66147672947653	0.000250765641697693	0.0119622659574206
"Ypel3"	414.816723316323	-1.05663054532664	0.289217721640522	-3.65340871691107	0.000258781813972013	0.0122236350952662
"Ctsc"	39.6561590659385	-1.89302031519367	0.520472275343058	-3.63712037100521	0.000275703108133934	0.0125908774880502
"B230118H07Rik"	79.3827575531871	-1.26885857395768	0.349296504989396	-3.63261170905847	0.000280567049691244	0.0126404731515417
"Pik3ip1"	118.629648078092	-1.18331729955142	0.325761336034824	-3.63246698934498	0.000280724497138847	0.0126404731515417
"Polr3gl"	83.9029036960058	-1.26937353924967	0.349846430229241	-3.62837356498936	0.000285212368953876	0.0127208375407537
"Herc4"	125.89352245285	-1.09411676064063	0.301841160479106	-3.62480968103873	0.00028917432520049	0.0127236703088216
"Gria3"	43.1645560668821	-1.62984549247926	0.450438601926948	-3.61835216943415	0.000296484775126497	0.0129860331505406
"Cpxm2"	852.105702508077	-1.3000228865089	0.360306405595846	-3.60810373148662	0.000308443174056871	0.0133881010144685
"Ibsp"	54.5310548346827	-5.54525980037639	1.54706110688179	-3.58438317381868	0.000337875755182668	0.0144060653846911
"Dlg3"	307.738827960274	-1.04795640634664	0.292693974591823	-3.5803825746945	0.000343091502708823	0.0145640075775428
"Prkag2"	73.9160641069871	-1.52329308926566	0.427777159292874	-3.56095003245078	0.000369515404171678	0.015151703977014
"Cdk10"	112.810730765796	-1.21953966172244	0.342456867034888	-3.56114821782272	0.000369236566072334	0.015151703977014
"Rnaset2b"	174.261642275367	-1.23600465494263	0.347780701063847	-3.55397712167967	0.000379452221089863	0.0153319979502733
"Rgl3"	29.9783071544593	-1.95962304623048	0.555125969166499	-3.53005111465563	0.000415479389012779	0.0163410587450087
"Trp53inp1"	101.001461746981	-1.26202818193429	0.358875464520868	-3.51661873463324	0.000437081119967011	0.0170483709792301
"Lifr"	85.1689762711126	-1.63353995497891	0.464655418718134	-3.51559432898778	0.000438770859573378	0.0170483709792301
"Ccl20"	996.266237297416	-1.05100388522978	0.299818930073981	-3.50546206328747	0.000455815455725277	0.0172244616916422
"Man1c1"	240.275033263248	-1.19529374884151	0.341104821162054	-3.50418309764566	0.000458010332035056	0.017239795154257
"Necap1"	105.920514075531	-1.19705665663425	0.343102211511283	-3.48892142478913	0.00048497368522834	0.0177688457447159
"Zbtb7c"	22.345465179003	-2.28882114061435	0.657509660908642	-3.48104564342267	0.000499460371145728	0.0180280226154918
"Ifi44"	28.808914995539	-1.95665056580348	0.563498806896238	-3.47232423894692	0.000515972748848278	0.0184829494717547
"Trim8"	73.1706794693391	-1.16536146340668	0.335607216025305	-3.47239692044886	0.00051583306148033	0.0184829494717547
"Sart1"	82.9050202251152	-1.17037925478171	0.337436850861997	-3.46843935922211	0.000523490657389602	0.0186827999059489
"Dnajc13"	142.028278471999	-1.12188283177551	0.326746808456802	-3.43349285360756	0.000595857910936481	0.0202172071471265
"Rpl5"	960.934574158971	-1.05922326841484	0.311338673369893	-3.40215771124717	0.000668560446868728	0.0218933305135982
"Ctsh"	139.158262522051	-1.03662886794647	0.304803646805833	-3.40097265505103	0.000671465442520906	0.0218933305135982
"Slc38a4"	22.4550006798413	-2.87224713037531	0.845478694572425	-3.39718451666942	0.000680830423701831	0.0219414112467921
"Cdkn2b"	261.836253182948	-1.16963864582636	0.346780902778426	-3.3728461874779	0.000743954989255563	0.0231998390824162
"Zbtb9"	41.3688464951727	-1.47081718667035	0.438033825453498	-3.35777079577726	0.000785737372711847	0.0241126284186349
"Ebp"	382.854038998691	-1.00054992698918	0.298134944176838	-3.35603036991098	0.000790698853761284	0.0241878544598214
"A4galt"	42.0292099682289	-1.7556689353275	0.525100125299563	-3.34349365147439	0.000827305869463717	0.024834639745023
"Col2a1"	58.9549687278756	-1.5949152063699	0.476929816039197	-3.34412979170675	0.000825411114668556	0.024834639745023
"Cyp51"	889.341318716311	-1.0979069095264	0.328778838419301	-3.33934785707288	0.000839753363254412	0.0250821404785872
"Tnfsf12"	51.5227966443444	-1.35948498435338	0.407151362068427	-3.33901617680183	0.000840756680633423	0.0250821404785872
"Ankrd1"	54.8514052801326	-1.78421022508511	0.534584022560588	-3.33756743521621	0.000845152104766663	0.0251354496343567
"Xpa"	69.3232869746655	-1.84683018658608	0.555282308080665	-3.32593017949672	0.000881240000611559	0.025693476475033
"Itgbl1"	138.841609134874	-1.24766906150127	0.376260163965572	-3.31597437355986	0.000913242026965349	0.0260945949111863
"Smarca1"	35.1109937879096	-1.82047057154037	0.550698464182496	-3.30574840851034	0.000947230989269668	0.0264565733698624
"Plce1"	77.2077758736711	-1.32263663094961	0.402566167988769	-3.2855136276293	0.00101796618007633	0.0278203251057233
"Aldh4a1"	89.4578967135871	-1.19308980860746	0.363883193488779	-3.2787714023518	0.00104260055252902	0.0280628461568983
"Gcnt4"	32.621013287884	-1.99420326780982	0.608202503616938	-3.27884751534305	0.00104231940285983	0.0280628461568983
"Zfp317"	182.009725874002	-1.29710068058001	0.396551200472509	-3.27095386178242	0.00107185395994521	0.0285453238375004
"Adra2a"	75.8315607349828	-1.50898799093814	0.463179308902815	-3.25789162411562	0.00112243263769886	0.0294707381386002
"Noct"	21.8787812619053	-1.85328260370782	0.570787621816471	-3.24688646507426	0.00116674923119942	0.0302225687952624
"Edil3"	99.8548463845826	-1.04527734248233	0.322272682729501	-3.24345623597171	0.00118088950614384	0.0304887139618416
"Lamtor2"	86.3285447313618	-1.34052073665745	0.414275729963632	-3.23581769266359	0.00121294825427288	0.0306770849820827
"Rhob"	97.8593514418669	-1.00323586721579	0.309775730371084	-3.2385876905657	0.00120123087805963	0.0306770849820827
"Olfml3"	402.638749273466	-1.13171105651045	0.350475594246176	-3.22907236649276	0.00124192464108533	0.0309873313249336
"Rrn3"	156.311409114033	-1.11388478963772	0.344662989645597	-3.23180852920439	0.00123009450010864	0.0309873313249336
"Hacd2"	82.6146359690634	-1.18892961847443	0.368190091696318	-3.22911899393277	0.00124172216461567	0.0309873313249336
"Mtfmt"	54.145676562107	-1.3043793784406	0.409522897961459	-3.18511952551029	0.00144694232146233	0.034089819583401
"Msr1"	22.7921249049665	-2.38387786616769	0.749599416406726	-3.18020240409875	0.001471722175733	0.0344211526343767
"Poli"	31.4289678042204	-1.96262987190363	0.618116846419645	-3.17517615523973	0.00149745565594364	0.0348194509143391
"Znhit6"	466.133670322126	-1.04671136479974	0.330312883131707	-3.16884813839483	0.00153044337717112	0.035365353435062
"Prdm2"	62.2363798985246	-1.1617866700563	0.368219772909021	-3.15514471392428	0.00160418514697426	0.0361613306207868
"Ubxn8"	66.2553581972166	-1.19634968103698	0.382284534219164	-3.12947444625398	0.00175119303333569	0.0382641634222737
"Cxcl16"	75.6000697401158	-1.20049500591655	0.384057214172366	-3.12582334510651	0.0017730802730007	0.0384806340329611
"Ptprn"	62.6340537979161	-1.2516265787383	0.402264200699804	-3.11145405571984	0.00186168441188945	0.0397764767028086
"Lcp1"	21.2095142904044	-2.28806748028708	0.736106659236145	-3.10833688512124	0.00188143470336664	0.0401095238974357
"Tada2a"	121.438865073578	-1.05811175286906	0.341133635745227	-3.1017514604139	0.00192379403375177	0.0409220293802033
"Wif1"	39.460832251671	-1.47267593246308	0.477263387854526	-3.08566709691121	0.00203096071092168	0.0425442117618289
"Ssh3"	29.9853175182807	-1.54042364999976	0.499960601264098	-3.08109008210839	0.00206244241596405	0.043016656104393
"Tlr6"	100.307346856458	-1.03709815665604	0.337362489645639	-3.0741359471985	0.00211113206667606	0.0433846697193511
"Usp27x"	128.068582489858	-1.08116838526255	0.351928556115766	-3.07212463005389	0.00212540964371699	0.0435754198443764
"Epb41l1"	120.325202573886	-1.0545169078866	0.343832615739905	-3.06694844995246	0.00216256148729914	0.0439749956510163
"Setd7"	177.100772995577	-1.05033462824879	0.34281561230585	-3.06384712523451	0.00218510539456925	0.0440625582575931
"Gas7"	24.0066608655951	-1.74169723664133	0.571260350205733	-3.04886771156807	0.00229705607391225	0.0453574432955296
"Arhgap31"	53.5638907333434	-1.29126390720246	0.424048926093208	-3.04508236608206	0.00232616595255972	0.0457447655487051
"Tmem246"	25.1782390128879	-1.72186510130992	0.569922283293661	-3.02122789682661	0.00251751799743122	0.0477535500457623
"Tle2"	62.0517681627307	-1.1962214534379	0.398117756428029	-3.00469254165044	0.00265849434598357	0.0497422359570828
"Cdo1"	117.692923842343	-1.18025996375363	0.393148592187907	-3.00207094011295	0.00268149679495368	0.0499785360080729
"Dio3"	491.644207200356	-1.0855549551493	0.361844420117076	-3.00005995614929	0.00269926467792164	0.0500089244062577
"Abr"	81.7896705633492	-1.04871370631684	0.350062099949484	-2.99579333629141	0.00273731881509195	0.0502152415460628
"Swap70"	65.6981525144049	-1.17670151404116	0.393552604197962	-2.98994721795632	0.00279025657692677	0.0505629876251677
"Zbtb34"	26.3069163270389	-1.55458225311244	0.521275386095627	-2.98226675300425	0.00286122577880459	0.0515341525318898
"Omd"	45.8146177754938	-1.61264139498937	0.545734991131308	-2.95498991487859	0.00312679271909691	0.0542724904939366
"Taf1b"	39.3956114543302	-1.4354694280041	0.485855051520785	-2.95452197833676	0.00313153847183777	0.0542724904939366
"Draxin"	44.7385608223253	-1.76485897102266	0.59904657231145	-2.94611312808763	0.00321794684171133	0.0550766177028959
"Zfp775"	40.2384238504969	-1.55138917826494	0.527378212319323	-2.94170131041666	0.00326414602226595	0.0555712209727114
"Crebl2"	29.1541214511365	-1.66415170797882	0.566333144174831	-2.9384677995556	0.00329838919340624	0.0558581340380713
"Erap1"	92.4485926755468	-1.39531886155301	0.475183024826588	-2.93638195948227	0.00332065171313468	0.0559464163039824
"B2"	117.356932527261	-1.0167154825872	0.346806742960643	-2.93164854266567	0.00337168078952276	0.0562102354460922
"Cd2ap"	80.8476234471336	-1.02415013536314	0.351649604583951	-2.91241657039498	0.00358643992091481	0.0585744662337883
"Snapc5"	20.2260323478623	-2.68446045510263	0.922628612952229	-2.90957858602812	0.00361916386531322	0.058909228050943
"Leng8"	34.8740084728854	-1.57073413516059	0.541890672589257	-2.89861814313083	0.00374811069815533	0.0603959777381684
"Acot13"	51.2660627431012	-1.31120099244527	0.454311389087008	-2.8861283778958	0.00390013034837028	0.0619137661233871
"Greb1"	31.1714959535759	-2.18569067704046	0.758549835017426	-2.88140683201158	0.0039590426064734	0.0624375360981632
"Scn7a"	43.3400488173947	-3.27022072319764	1.13646917682259	-2.87752698435757	0.00400805629174374	0.0626974519922771
"Angptl4"	273.242446461942	-1.08323839949536	0.376427620766797	-2.87768043505617	0.00400610735018829	0.0626974519922771
"Nacc1"	117.709393292331	-1.09191944400029	0.379727581913386	-2.87553366152201	0.00403345135497356	0.0629924428792954
"Hp"	311.076289438351	-1.82624889279628	0.635724494092499	-2.87270493707067	0.00406974023503244	0.0632516401689881
"Hpgd"	457.971109678067	-1.66328513220504	0.579405314945099	-2.87067634573329	0.0040959466238394	0.0635487641980098
"Mef2c"	19.5415354352632	-2.56708921110536	0.89502771665605	-2.86816727944065	0.00412857184822905	0.0636330234317007
"Smim20"	59.8429458594662	-1.09027265970115	0.381986187565809	-2.85422011368753	0.00431426281134152	0.0652341163579599
"Mr1"	42.8526055336208	-1.17385161588998	0.412334618911163	-2.84684225396774	0.00441552364079924	0.0661173672624579
"Dstyk"	81.8407548078782	-1.07690075117938	0.379081087702291	-2.84081898600311	0.0044997845718041	0.0671206255942791
"Sema3b"	51.7004339364102	-1.20519232127671	0.425135962961612	-2.83483973663629	0.00458486795269338	0.0680405876486955
"Fabp7"	89.4888283176547	-1.21204751451025	0.429635663868847	-2.82110545385321	0.00478584677130533	0.0700988117687984
"Coch"	49.7536517824818	-1.56495749759388	0.554743770065365	-2.82104564673071	0.00478673911829279	0.0700988117687984
"Adam8"	33.6373163649391	-1.55835651516531	0.553889052706043	-2.81348134170898	0.00490082301825269	0.071120979825125
"Nptxr"	48.8076860021692	-1.41926613978702	0.50534542049946	-2.8085069780276	0.00497718037769081	0.0714751238792712
"0610009O20Rik"	24.8372288753194	-1.52422827706118	0.542767146274357	-2.80825449278523	0.00498108460655213	0.0714751238792712
"Zfp608"	24.4912137107333	-2.11736185922815	0.75403833313123	-2.80802946772687	0.00498456654699775	0.0714751238792712
"Sdad1"	193.105512915044	-1.05009212174336	0.376295874968106	-2.79060226698568	0.00526100771255199	0.0742241146678638
"Myl12b"	69.948299178733	-1.43067270869021	0.512809179588922	-2.78987343759538	0.00527286490728101	0.0742826407113447
"Pcdhb17"	63.0339119658558	-1.17751574772732	0.423011466135321	-2.78364971636639	0.00537510488769229	0.0752019067630439
"Tpcn1"	23.9818263798153	-1.50702554842897	0.543745343572003	-2.77156497291348	0.0055787537590977	0.0767955303180934
"Akna"	118.280244157305	-1.00127536948275	0.36221393544832	-2.7643203960208	0.00570414995797324	0.077828624829888
"Nhs"	41.6637556102688	-1.48768382733868	0.541288555277964	-2.74841175345879	0.00598847526982987	0.0804810986054123
"Cyp2j6"	66.5607032744416	-1.09110615170588	0.397245190279296	-2.74668184387265	0.00602015025260182	0.0806817355133117
"B3gnt8"	21.6196782552102	-4.10913743799159	1.49719322322378	-2.74456053784676	0.00605919776765974	0.0810922634571795
"Gprasp1"	52.9700845052429	-1.28145968696114	0.470326933263423	-2.72461472293235	0.00643765606654383	0.0842034128517976
"Rfesd"	31.4966748629149	-1.62299591384463	0.597051816791724	-2.71835018033418	0.00656083605559862	0.0847455981658824
"Efl1"	45.542552834202	-1.11902351747691	0.412829937278019	-2.71061620398741	0.00671583114460795	0.0859107433618497
"Zfp467"	20.1528337534267	-1.88602291727232	0.697949045005626	-2.70223583049264	0.00688748912722769	0.0865979195309417
"Ino80"	23.4591139947904	-1.56149214952021	0.579301163977024	-2.69547559476704	0.00702882265937002	0.0877028629484802
"Cog7"	70.2299017836229	-1.01338019121244	0.376000279430062	-2.69515808006451	0.0070355243938538	0.0877028629484802
"2200002D01Rik"	51.7152853734517	-1.25104716224242	0.464853949901908	-2.69126929545594	0.00711807112338506	0.0881616109832114
"Zfyve1"	59.0510198407117	-1.04908180163299	0.389757833079506	-2.69162467715945	0.00711049154426434	0.0881616109832114
"Egr2"	33.1374437354058	-1.60336160600637	0.596639467757116	-2.68732072323965	0.00720277557864446	0.0887708616770446
"Rmdn1"	19.8855400787585	-1.98299558685649	0.738247261037585	-2.68608593829315	0.00722944916365182	0.0888558318124349
"Srgap1"	64.8044514236815	-1.07694717125507	0.402187086190322	-2.67772687943899	0.00741236329333644	0.0902714465347885
"Pdcd2"	52.5054257790968	-1.00502484524738	0.376269962662413	-2.67102066329189	0.00756209915204926	0.0909717695744652
"Bloc1s5"	59.835246957643	-1.01672251401577	0.381408559060589	-2.66570450469165	0.00768271885776853	0.0919635762900093
"Cavin4"	19.6021651047655	-1.84584525820176	0.695128840051454	-2.65540019612066	0.00792143699866934	0.094182012775138
"Azin2"	32.9093968191199	-1.22320631752205	0.461779565636605	-2.64889659167951	0.00807550368876121	0.0951290385634511
"Cep350"	69.2052163044259	-1.10349627108004	0.416855305259416	-2.64719258015275	0.00811631175574818	0.0951445013119094
"Simc1"	44.7455123285958	-1.23906773854416	0.468682102360478	-2.64372744831453	0.00819986534925394	0.095774427279286
"Ccl8"	26.5146908313792	-1.40428902006643	0.533226987298877	-2.63356704277107	0.00844931529751321	0.0974789294288833
"Sp7"	63.5312891766619	-1.31824340228376	0.500717018315811	-2.63271139997947	0.00847062901200346	0.0975184960091581
"Plekhn1"	25.8928541357154	-1.64611214937672	0.626320132587813	-2.62822806377844	0.00858309499873021	0.0978522548788569
"Clip3"	75.0936622124077	-1.07783487823181	0.409972056483592	-2.62904473899174	0.00856250952586479	0.0978522548788569
"Nox4"	77.9629926468543	-1.02405111985146	0.389778321853656	-2.62726545432649	0.0086074157545929	0.0978522548788569
"Glipr1"	37.3369309303071	-1.55861571065588	0.593363106073128	-2.62674860419075	0.00862049960539858	0.0978522548788569
"Cd68"	23.2559449203818	-1.8755136525548	0.717801977124681	-2.61285662665294	0.0089788960351949	0.0998270867978
"Tbc1d9b"	68.7199940330654	-1.04513547066296	0.401280543663751	-2.60450073437579	0.0092008223779883	0.101133713371202
"Mon1b"	27.1660227436392	-1.37842693621471	0.531475916902493	-2.59358306251834	0.00949815928441245	0.102720833742535
"Tinagl1"	20.0416467232559	-1.84859593892987	0.713173715908272	-2.59206964263337	0.00954004572411006	0.102820128234665
"Slfn5"	38.2686018233831	-1.82519758731894	0.706070065823554	-2.58500915938144	0.0097376410538325	0.103339107042654
"Leng1"	51.7751690336978	-1.19759674609114	0.463993018542347	-2.58106630537984	0.00984956621722532	0.103684769227656
"Cyb561d2"	56.3731893094226	-1.12800713597614	0.437277678717366	-2.57961288873661	0.00989111238546794	0.103824356150729
"Ankrd16"	48.583316610939	-1.12700614013981	0.43718574173479	-2.57786572743143	0.00994126189804117	0.104123912662527
"Pik3c3"	33.4255511406297	-1.28054201880276	0.498143183182778	-2.5706304171845	0.0101513596422903	0.105556503601361
"Npy"	38.4425731003975	-1.42453105391255	0.557348403831804	-2.55590765869036	0.0105911220715941	0.108570268384979
"Zfp810"	25.3808894442423	-1.39316458183691	0.545070868168387	-2.55593293128725	0.0105903528951948	0.108570268384979
"Rpl4"	4051.55244729576	-1.36073346001661	0.532246418124385	-2.55658547184174	0.0105705098915753	0.108570268384979
"Tet2"	40.7219902145339	-1.27144545704168	0.49773497962289	-2.55446273437521	0.0106351813364495	0.108637819448854
"Klhl33"	20.8486147322334	-1.76439554091817	0.690515043483257	-2.5551876929687	0.010613055248269	0.108637819448854
"Plpp6"	52.3739487664152	-1.1015335092316	0.431296106745901	-2.55400754146054	0.0106490950013354	0.108637819448854
"Calcoco1"	24.8550812663666	-1.47043541823891	0.576154184598712	-2.55215610255971	0.0107058540130536	0.109050326923662
"Ddx31"	41.3483309522589	-1.21593039168272	0.477980783642629	-2.54388969869516	0.0109625695949278	0.11107814996501
"Sh2d4a"	30.8417326728614	-1.40780738053167	0.554127281211825	-2.54058485886659	0.0110667234550772	0.111430456858019
"Vit"	58.5610023725442	-1.09512599677852	0.431973184955263	-2.53517124423345	0.0112392368830897	0.112345732993208
"Rab30"	42.6661133982711	-1.18472745189494	0.468383032496207	-2.52939873927763	0.0114258138643485	0.113895117292461
"Tmem131l"	33.8232208816468	-1.30256530212327	0.515937240644062	-2.52465842647302	0.0115810791797235	0.114928196679522
"Tmem86a"	45.3492771976841	-1.40892713866463	0.558509879302467	-2.52265392408861	0.0116472963912692	0.115229310088573
"Aamdc"	69.0885542253674	-1.13418809474039	0.450603425102435	-2.51704277321585	0.011834446111494	0.116482862850211
"Hivep2"	53.7241107853815	-1.0976979518168	0.436423729547328	-2.5152114275623	0.0118961019485125	0.116801946386238
"Tbc1d22a"	89.3350391703002	-1.02260343645625	0.408396289303842	-2.50394889287412	0.0122815773337857	0.118386643552025
"Fap"	34.0528593738204	-1.53257597500942	0.612377498858742	-2.50266539490037	0.012326201702884	0.118420019550339
"Rnaseh2b"	39.7408807013817	-1.25895988387565	0.50393698607855	-2.49824862761595	0.0124808623909143	0.118776942390181
"Ccdc122"	40.3150878231838	-1.0829524250512	0.436119761489032	-2.48315375885216	0.0130224863618219	0.121948181324117
"Pcsk6"	204.354395532291	-1.00957835382388	0.406738030061159	-2.48213414829215	0.0130598099083012	0.122089408569593
"Arhgap17"	41.9026233806131	-1.16926223773278	0.472002896049363	-2.47723530410393	0.0132404578749074	0.122796007779218
"Sord"	46.1050695415777	-1.13268192885013	0.457397146538131	-2.4763642218212	0.0132728099032349	0.122932035131871
"Btbd3"	33.2876798411105	-1.23597263106484	0.501350233284761	-2.4652878347477	0.0136903225949141	0.124294969091075
"Plekha1"	222.002368628073	-1.69508750909567	0.687577046387895	-2.46530555084789	0.0136896456473098	0.124294969091075
"Rai2"	45.1066161996803	-1.23102452794332	0.499832341849272	-2.46287489798839	0.0137827997132553	0.124629802893843
"Flt4"	42.1429538807827	-1.45954185543984	0.592820644570491	-2.46202939929211	0.0138153341829213	0.124765286023083
"Prag1"	21.2521810851338	-1.5540469000919	0.632711464899005	-2.45616997052512	0.014042672123427	0.126185688131066
"Osr2"	24.3892971169176	-1.61904996775028	0.659242866489048	-2.45592337824284	0.0140523115567258	0.126185688131066
"Pop4"	136.028534215706	-1.01736251221156	0.414848317351229	-2.45237227598592	0.0141917751848572	0.126829161860533
"Isca2"	55.4569283411746	-1.04369833620733	0.427107501206076	-2.44364318879933	0.0145397985617418	0.128419339084275
"Tenm3"	30.7398352068317	-1.32863036446941	0.545190535840151	-2.43700188672931	0.0148096020918462	0.129252607239563
"Aldh5a1"	44.5570562576514	-1.01930918669541	0.418340541293887	-2.43655368313763	0.0148279683149542	0.129252607239563
"Gpnmb"	56.9527197180914	-1.11404169691377	0.458522661160872	-2.42963279959442	0.0151141268071784	0.130575587775044
"D3Ertd751e"	23.4854055860715	-1.56003767380651	0.64685156958182	-2.41173979807307	0.0158766076120296	0.133971680444841
"Def6"	62.1593776308793	-1.07936765748688	0.447888817931328	-2.40990088225951	0.0159568549359181	0.133971680444841
"Parp4"	24.2716988927892	-1.48770764097195	0.620078204854452	-2.39922582236406	0.0164297787679699	0.136834354544648
"Gtf2h3"	32.8543390667796	-1.18944368246235	0.496874846707676	-2.39384965921234	0.0166725811860277	0.138259029525442
"St8sia2"	36.068947746056	-1.34423371013809	0.561795924546173	-2.39274379077062	0.0167229141649442	0.13826124619739
"Gas2"	27.6009875801439	-1.4638281266624	0.61406270108033	-2.38384146128248	0.0171329815944073	0.140028338120194
"Zfp846"	20.8170223949496	-1.47597971115934	0.62319725292508	-2.36839893666344	0.0178652605525616	0.142744084072952
"Fxyd1"	29.8966902557528	-1.52572573292901	0.651550033064697	-2.34168621825165	0.0191968467125701	0.147984651937861
"Isg20"	19.9745748244269	-1.60793111263081	0.689550812544011	-2.33185297353004	0.0197084271280361	0.150962165187405
"Zfp747"	24.5257614206349	-1.64086357341127	0.704587423225443	-2.32882892785648	0.0198681302658433	0.152020210158374
"Mxd3"	30.3694699378631	-1.51675696496332	0.652134903115006	-2.3258331331728	0.0200274543269492	0.152086766179696
"Hfe"	35.6351380710907	-1.31038862351835	0.565110702979837	-2.31881756372451	0.0204049304474456	0.153490952218256
"Frg1"	52.7538881429489	-1.26860466404056	0.54941146053531	-2.30902475679069	0.0209422074992881	0.156191262742369
"Ints12"	23.3036925454774	-1.36126388585866	0.591919288474373	-2.29974578015056	0.0214626268451948	0.158012486285184
"Gdf11"	41.539008030205	-1.07693255079952	0.468876968220086	-2.2968339752061	0.0216282426046016	0.158486498660031
"Optn"	39.1783741689258	-1.15597143158397	0.504189026579991	-2.29273421404099	0.0218633114929555	0.159844362326343
"Btrc"	26.4599374528009	-1.41393728155697	0.617172012376231	-2.29099384483273	0.0219637696585098	0.160092953426173
"Eng"	50.5342411562439	-1.17727241046034	0.514592696562484	-2.28777520226113	0.0221506156528426	0.160328915610135
"Ggct"	41.6101071203465	-1.02354156995573	0.447777700949052	-2.28582523825184	0.0222644845644266	0.160328915610135
"Nrg1"	21.1721266311787	-1.80979585338861	0.79183275693825	-2.28557840974713	0.0222789344432198	0.160328915610135
"Dgka"	22.3738683139109	-1.50823268573506	0.661045898216949	-2.28158542364947	0.0225138281000459	0.161536297521997
"Pdss2"	32.950040841354	-1.12746774087565	0.494930847591793	-2.27803085291939	0.0227247394425329	0.162204140198702
"Zfp386"	29.7594193014441	-1.30725977290637	0.574159141790824	-2.27682479953028	0.022796689972218	0.162545872476301
"Stk25"	31.4576173355867	-1.111395828622	0.490120061499312	-2.26759913728519	0.0233536503210159	0.164139879280313
"Wdr59"	45.7616126029842	-1.05729923876384	0.467716829027187	-2.26055419250776	0.0237868770408396	0.165974183320442
"Vegfb"	44.9958356888696	-1.12212933955929	0.498903582592825	-2.2491907829716	0.0245003606306809	0.169479881577344
"Serpinb1a"	50.869234041398	-1.19091011602139	0.530666559540483	-2.24417780734597	0.0248209633363269	0.170717203932081
"Lama5"	20.5054684985662	-1.55022010666935	0.691521214453462	-2.24175350555883	0.024977307695575	0.170847070941435
"Sfn"	40.121343949116	-1.32437604269586	0.591662556029617	-2.2383975953847	0.0251951387098585	0.17169756478656
"Vti1a"	57.673869679691	-1.03163539897802	0.46264506668626	-2.22986361092577	0.0257564988304909	0.173316775649867
"Fkbpl"	19.7324922986557	-1.43754609925177	0.64587202907755	-2.22574447341357	0.0260313020023553	0.174313847181859
"Spg11"	32.8455986044818	-1.29297976292013	0.582927523659014	-2.21807979627407	0.0265493921128349	0.176023171499415
"Mettl21b"	29.7137721281834	-1.51450991697543	0.685580280373217	-2.20909200619213	0.0271682420283945	0.178312266427723
"Prune2"	31.3931644652803	-1.36490519195697	0.617993972532663	-2.20860599394411	0.027202058078949	0.178312266427723
"Gnl2"	112.607262122359	-1.72291240884301	0.780379148293342	-2.20778888391745	0.0272589933227241	0.178564010644303
"Pyroxd1"	33.6315161805003	-1.07841830600176	0.491900997591092	-2.19234828000537	0.0283543681033808	0.183165721164729
"Casp4"	26.3716777959266	-1.27781052582734	0.582856064030106	-2.19232603842539	0.0283559729064436	0.183165721164729
"Ggact"	23.2303471489911	-1.46081551679277	0.666817628097951	-2.19072720221815	0.0284715393763788	0.183492822078748
"Tyw5"	37.2100012755739	-1.20563128232053	0.552605211705044	-2.181722605548	0.0291300115204931	0.185768888822946
"Susd2"	41.1953387731355	-1.18966555446319	0.547128402426812	-2.17438091165872	0.02967654042372	0.188166443778576
"Dpp7"	38.9897403155532	-1.07812117395236	0.496292714276453	-2.17234938764747	0.0298293194776336	0.188358664801099
"Miip"	25.6528863318335	-1.32948514317763	0.613972896950083	-2.16538083322873	0.0303585326324999	0.190081104903684
"Rps15a"	1648.53224255505	-1.14295948498902	0.528410948825	-2.1630124953515	0.0305402185699151	0.190285984972428
"Apobr"	40.0926273559728	-1.03375788508623	0.479350861110218	-2.15657875880718	0.0310385010533718	0.191695196242674
"Fbxo2"	44.8277107766857	-1.30702372422586	0.606806036301056	-2.15393988529376	0.0312448865448629	0.192135115983598
"Nphp1"	22.2356015270365	-1.31418043470307	0.614263384412801	-2.13944126908907	0.0323999476464673	0.19684050248253
"Paqr7"	59.5987024409431	-1.26804594177312	0.593388246986959	-2.13695830379497	0.0326013831421667	0.197452500287818
"Wnt10b"	22.8764572373676	-1.39875898301328	0.656789821780582	-2.12969040723133	0.0331971814843283	0.199611244513141
"Kiz"	28.9388524361909	-1.1927902079096	0.560912968080739	-2.12651565534478	0.0334603471222015	0.200138985021436
"BC022687"	49.5050465550507	-1.02160175705922	0.482274243826913	-2.11830046936089	0.0341496289185571	0.201633470747069
"Gpatch2l"	39.2596742377132	-1.13471799774002	0.540735513691998	-2.09847137650063	0.0358635258507171	0.20607092134616
"Gm5617"	22.2638373629614	-1.43615538941978	0.690503244672609	-2.07986769142658	0.0375376701670207	0.211899818236328
"Mcts2"	28.0859185443102	-1.18778463784773	0.57273981261804	-2.07386427777435	0.0380919174756039	0.213951482265122
"Synm"	30.8660082233942	-1.07909769096543	0.522350219143447	-2.06585093949983	0.0388425565112577	0.216437849202951
"Cela1"	25.0486231922023	-1.39193608192975	0.676505950359515	-2.05753708624445	0.0396345913482872	0.218239384132626
"Flad1"	20.2844993690723	-1.20105375982953	0.583892436731985	-2.05697776554834	0.039688364679184	0.218302461265344
"Zfp933"	26.078439724827	-1.18949219264763	0.583333072932353	-2.03913038338146	0.0414370165618232	0.224066830297266
"Anpep"	46.9264375051936	-1.27343962713365	0.625114071821085	-2.03713159651624	0.0416368563356091	0.224517486093973
"Mdk"	35.6770800456775	-1.19250229562581	0.585958254626823	-2.03513183099584	0.0418376099197707	0.225070802283863
"Specc1"	35.7789889004346	-1.19478355081018	0.588258942286795	-2.03105038431814	0.042249883796838	0.226303435389845
"Igf2"	30.6535466167389	-1.15378020955587	0.570128874344967	-2.02371825296775	0.04299914941431	0.227671767489742
"Fktn"	23.2598547983482	-1.24679376153857	0.617215573668012	-2.02002965370604	0.043380311732902	0.228685503797664
"Mnda"	20.556485084693	-1.3360966427631	0.662042313331859	-2.01814387971508	0.0435762788819683	0.229454111096528
"H2-M3"	24.0156265199862	-1.20853533965767	0.610802746720483	-1.9786016781138	0.0478608705796585	0.243873375662494
"Disp1"	31.3412739105094	-1.28213584423907	0.649020973846902	-1.97549215804159	0.0482123236664938	0.244770258614507
"Nmnat2"	41.030828065641	-1.03202085514144	0.525422050313937	-1.9641749989838	0.0495098010810321	0.249516968209637
"Nudt9"	127.484245703919	-1.70058296349507	0.866350549512432	-1.96292709048563	0.0496546464434806	0.249724516247067
