"X"	"baseMean"	"log2FoldChange"	"lfcSE"	"stat"	"pvalue"	"padj"
"Ccl2"	7001.64264854155	3.74434138035266	0.197903879300802	18.9199999190591	7.80546201463628e-80	8.90759325110292e-76
"Ccl20"	996.266237297416	6.32910230251265	0.380227874752225	16.6455505310782	3.25954653550285e-62	1.85989725315793e-58
"Nfkbia"	995.404194971866	2.91498302054414	0.206141784175646	14.1406703750094	2.13243268872644e-45	8.1117739479154e-42
"Mmp3"	1004.59683224414	3.91150863955484	0.343131551376513	11.3994432277165	4.20801593543857e-30	1.20054694638062e-26
"Sod2"	967.494237549242	2.10337854953534	0.206098079998595	10.2057163732417	1.86936506764792e-24	4.26663883039961e-21
"Ccl7"	2719.74416211259	1.88872601103216	0.192614859683556	9.80571288287475	1.06393068168317e-22	2.02359615656138e-19
"Slc7a2"	812.197471412303	2.52229618045747	0.295979211797262	8.52186937434368	1.56998402868932e-17	1.79166577354025e-14
"Saa3"	984.763141821019	8.93453881531063	1.05933433572693	8.43410669699441	3.33742131776084e-17	3.46242291620789e-14
"Ecscr"	123.108035605638	3.78197930888707	0.461585639734527	8.19345097274303	2.53840883374888e-16	2.41402680089518e-13
"Ass1"	102.290758720497	3.64691828586468	0.447474038801112	8.15001088249862	3.63891524552317e-16	3.19440775245464e-13
"Cfb"	501.192429338806	2.53781923947706	0.313263175151417	8.10123704533862	5.4403128589555e-16	4.43463216760002e-13
"Ptges"	392.491272196156	2.07956436319954	0.262887866233354	7.91046157053745	2.56436328359326e-15	1.95096758615775e-12
"Slco2a1"	122.261976312722	3.26651009693996	0.42951479546405	7.6051165907121	2.84647162371376e-14	1.80466300943452e-11
"H2-K1"	628.674944221415	2.07313756929443	0.281562775235207	7.36296752140837	1.79866146051765e-13	1.02631622937137e-10
"Tapbp"	483.222843933249	1.96475589227591	0.280134756332337	7.01360987119011	2.32246424448616e-12	1.06015847832304e-09
"Cxcl3"	170.121945635456	2.85072121729932	0.416975207571123	6.83666838108853	8.10560757085014e-12	3.30361405709078e-09
"Enpp2"	273.882929073485	2.74643962611113	0.402660222487754	6.82073736795458	9.05743952617917e-12	3.56425861630196e-09
"Ch25h"	378.447317096956	5.56650503806032	0.823407147202933	6.76033121277782	1.37676636775295e-11	5.23721926293223e-09
"Mt2"	4313.23129560774	1.98234988294434	0.296311262347604	6.69009293551198	2.230289122608e-11	8.21034176361373e-09
"Dram1"	402.336025894772	1.91874610638425	0.292791797411844	6.55327821115604	5.62875082561063e-11	1.94652437642026e-08
"Cxcl16"	75.6000697401158	3.0245851888123	0.466202203413261	6.48771105470556	8.7150210788647e-11	2.925171192706e-08
"Rnd1"	175.150612332685	2.27045072864338	0.354392647093428	6.40659660200236	1.48803841432741e-10	4.85185553837268e-08
"Timp3"	3733.7678916117	1.38010295386452	0.215591295783444	6.4014780784601	1.53879910017698e-10	4.87799314756101e-08
"Ak4"	530.479659431	1.42939591437828	0.228041606659147	6.26813648315851	3.65394458863971e-10	1.06920040116811e-07
"Nfkbie"	52.5841734890728	4.01265805577796	0.641376216987167	6.25632499225997	3.94154949003511e-10	1.12452406950702e-07
"Grem2"	171.808654078635	1.80290293199349	0.290054712075473	6.21573398719472	5.10852852214509e-10	1.35577970917953e-07
"Lbp"	326.215209995563	2.00286934542972	0.324852035025331	6.16548191016733	7.02688033824533e-10	1.82251723681945e-07
"Irf1"	319.492761393381	1.71026994918214	0.279830210068743	6.11181311968425	9.85054977667762e-10	2.49809942336544e-07
"Icam1"	85.5822964509947	3.33666918132809	0.548653274313331	6.081562505034	1.19016951034492e-09	2.95265531566439e-07
"Fabp7"	89.4888283176547	2.96744720151162	0.489083333780007	6.0673652045694	1.30025665073056e-09	3.15713380811428e-07
"Col5a3"	1321.33458065722	1.46905547522872	0.247894143837281	5.92614029717871	3.10137646716888e-09	7.37352255069401e-07
"Tmem176b"	294.861073088772	1.65135913701219	0.279488043834777	5.90851441927303	3.45206602211666e-09	8.03979131518271e-07
"Egln3"	51.7846199622316	3.41792397130704	0.582572152595358	5.86695391477295	4.43873982105238e-09	9.93233310546073e-07
"Ccl5"	43.3672026559379	3.5504453722584	0.606147394122398	5.85739608333855	4.70180832867366e-09	1.031866089362e-06
"Vcam1"	1495.36472784249	1.1881834377161	0.203241522713479	5.84616480851284	5.03035676990015e-09	1.08314021619058e-06
"Tnip1"	406.382170708877	1.50809339308113	0.260089525995149	5.79836264959499	6.69655166504992e-09	1.38947359275545e-06
"Ripk2"	233.169478861492	1.69299211807287	0.294748246605809	5.74385814866966	9.2543322004156e-09	1.85281472054637e-06
"Inhba"	1520.09171438836	1.44402168743675	0.251836290520498	5.73396981210386	9.81068002868531e-09	1.93033587047167e-06
"Bid"	124.974630358824	2.04605529758047	0.365152255176516	5.60329360855625	2.10316514406578e-08	3.81023788885736e-06
"Lbh"	391.973599568377	1.68059280340949	0.300690281097768	5.58911580804654	2.2822871419158e-08	4.06960325992862e-06
"C3"	332.703051059034	3.77128995411003	0.677508237909273	5.56641195352528	2.60038077196551e-08	4.56546851841083e-06
"Ifngr2"	150.554526897598	1.72242227896187	0.309846571526114	5.55895219520513	2.71399013292155e-08	4.69273566619707e-06
"Galnt18"	86.531433999564	2.45070184780429	0.441626379991366	5.54926507753499	2.86872941503273e-08	4.88625971408261e-06
"Rai14"	103.762217485796	1.88904614605658	0.342432413856304	5.51655179129534	3.45715639895585e-08	5.80192188601238e-06
"Igfbp7"	1384.69112878013	1.25484378985334	0.233060106998692	5.38420670106524	7.27648476375495e-08	1.18627491605673e-05
"Slc16a3"	946.400603748241	1.52584806327843	0.285922907877396	5.33657157660384	9.47204905273829e-08	1.50131977485902e-05
"Birc3"	78.5720619488769	2.63093979913194	0.493487697508899	5.33131790805078	9.75025573764582e-08	1.52424545860293e-05
"Hp"	311.076289438351	3.40880159648702	0.652036787352293	5.22792833565272	1.71419924842802e-07	2.50800536193084e-05
"Rftn1"	139.038855121486	1.57700390984489	0.302318983572137	5.21635754133382	1.82475794834754e-07	2.63596679829647e-05
"Cxcl5"	3716.52715899811	1.32276370749975	0.253747916199391	5.21290470996556	1.85906404220942e-07	2.65195485621173e-05
"Foxs1"	61.8232159509866	2.77125391685122	0.532499443435787	5.20423814712474	1.94794075641121e-07	2.74443208792158e-05
"Sema3c"	95.4838847065619	2.03465996100892	0.392721684206743	5.18092084759395	2.20793175574846e-07	3.07279478007334e-05
"Jak2"	239.071994688146	1.50446517341358	0.291777722278646	5.15620302216501	2.52007656762923e-07	3.46495346864877e-05
"Psmb8"	63.3785425634416	2.66939526480636	0.523922186501484	5.09502237847833	3.48700063431225e-07	4.68160602809076e-05
"Ccl8"	26.5146908313792	4.90657993514341	0.978221756322358	5.01581558928906	5.28089629740962e-07	7.00762657512077e-05
"Mt1"	1320.33388407709	1.35426780705327	0.271038813792886	4.99658254883055	5.83552019800318e-07	7.65459270110486e-05
"Flnb"	661.645162871955	1.2698017288292	0.258561172953948	4.91103019963237	9.05991318579586e-07	0.000113617284919014
"Tmem176a"	385.156520329392	1.28731770006537	0.26518840505333	4.85435138013099	1.20781410869356e-06	0.000148210479660332
"Gnptab"	198.431141837976	1.4633480163783	0.302228252975517	4.84186373038012	1.2862696509899e-06	0.000152905304761424
"Ugt1a7c"	422.104709300538	1.60923211303911	0.333698855164045	4.82240825263849	1.41835274190678e-06	0.000166678567031467
"Serpina3g"	37.7541607601598	3.27576040782508	0.679535192316854	4.82058978675773	1.43134416132875e-06	0.000166678567031467
"Ccnd1"	456.302408799368	1.41887142217904	0.294562902547625	4.81687072576845	1.458270975079e-06	0.000168098872400016
"Ppm1h"	42.021831718778	2.49026911616347	0.523382219774265	4.75803155337896	1.95489946021569e-06	0.000216595268349335
"Plk2"	96.0058176393111	1.75643650553277	0.369895717014229	4.74846402578164	2.04967336546818e-06	0.000224912235064643
"Gbp2"	59.7381224360695	2.46197129901046	0.519205349503827	4.74180649595234	2.11820895311671e-06	0.000228047175216678
"Spp1"	1336.79890579148	1.51561810156096	0.320306609615635	4.73177279538406	2.22567452536417e-06	0.000237377548443513
"CT025619.2"	425.838437455828	1.16149152750444	0.245831002594909	4.72475609359327	2.30391710255335e-06	0.000243447240503137
"Ube2l6"	80.9022281829513	2.12959610492328	0.451467165989284	4.71705644475112	2.39281322363681e-06	0.000248243495528575
"Ext1"	434.487457988258	1.02157743116207	0.216567446627965	4.71713291664287	2.39191434202022e-06	0.000248243495528575
"Gys1"	642.694630543879	1.22757242241135	0.260566381003563	4.71116963624929	2.46299109024222e-06	0.000251949657552077
"Cgnl1"	358.517348563851	1.26428793844551	0.268617805842642	4.70664234070224	2.51830167164122e-06	0.000254326182980262
"Tnfaip3"	26.2123733081428	3.66113210511945	0.780616690192496	4.69005102134907	2.73136933160359e-06	0.00027104684184574
"Psmb10"	133.092538734519	1.6313992495097	0.353987276262262	4.60863810342445	4.05315113373821e-06	0.000388693787716138
"Tnfaip2"	2236.00896703818	1.23696903728808	0.269028301349661	4.5979141639837	4.26741728537119e-06	0.0004058313838388
"Relb"	116.817811288494	1.6596731393599	0.365754324839614	4.53767194711279	5.68786493309153e-06	0.000519279316931525
"Susd6"	429.428383149329	1.05796040130453	0.234566316401471	4.51028271038619	6.4741286474479e-06	0.000586371080354567
"Grem1"	56.673724969547	2.23569409183941	0.502844698186072	4.44609260056693	8.74462658848943e-06	0.000769863381153496
"Ier3"	2452.52637625612	1.11090843704899	0.249896624990562	4.44547195101554	8.76991233350459e-06	0.000769863381153496
"Arpc3"	310.432603298575	1.16749868203589	0.263394198776179	4.43251479136781	9.31403106272314e-06	0.000811387194563332
"Pdlim4"	373.512719239777	1.19525124529022	0.270206329406333	4.42347611884699	9.71253723527026e-06	0.000839692991885638
"Gpm6b"	648.156868420963	1.20898582220144	0.274344497788839	4.40681636389876	1.04901050192691e-05	0.00088676354429555
"Fgf7"	206.107656580184	1.16856091957646	0.267622526043519	4.36645202050905	1.2628101102618e-05	0.00104428905639911
"Tank"	144.642842246033	1.41653486888268	0.326339192828995	4.34068263944306	1.42040749215729e-05	0.0011496234255673
"Hivep1"	84.2792934520259	1.60043742689714	0.370564771789615	4.31891412442673	1.56798774789901e-05	0.00124656172410652
"Dcbld2"	506.543859044683	1.21572424340861	0.283067421930322	4.29482218447541	1.74833409781674e-05	0.00136657457015648
"Dusp1"	180.641860045871	1.5596115694677	0.364133549893613	4.28307572846106	1.84327400352864e-05	0.00143098251212713
"Bmper"	153.651940301793	1.34898639812819	0.316776085751588	4.25848559536167	2.05816479362321e-05	0.00157216541346522
"Isg15"	48.2451746578338	2.14180929004137	0.503524346677017	4.2536360042491	2.10327093960951e-05	0.00157911368176472
"Prdx3"	206.343858637925	1.48367549595274	0.348734449977188	4.2544563522468	2.09557530290042e-05	0.00157911368176472
"Lif"	33.4687438309245	3.50654668985224	0.82518489077758	4.24940728925367	2.14336895501084e-05	0.00159870107938455
"Ero1l"	544.762557123833	1.05374876721132	0.248118290621083	4.24696125615569	2.16689412998602e-05	0.00160575297476626
"Jup"	139.673433860231	1.6534676503904	0.390684741084445	4.23222991970656	2.31385688256792e-05	0.00168189393273026
"Fbrsl1"	129.311247154018	1.28387543792377	0.304048447860504	4.22260151945523	2.41498564064986e-05	0.00173332176925133
"Ereg"	43.5999765892079	2.2865054003026	0.546205010981748	4.18616701482258	2.83704628928214e-05	0.00196930573855597
"Aldh1a2"	180.25249117784	1.5195790269857	0.363071256356114	4.18534654116281	2.84731376499943e-05	0.00196930573855597
"Tjp2"	66.0538125477887	1.94057621781205	0.464337577877351	4.17923577644331	2.92490325863901e-05	0.00201078289081858
"Dusp6"	140.89738689615	1.70060176065829	0.412910189724667	4.11857542627435	3.81221792880264e-05	0.00257426218955596
"Tes"	167.978768462391	1.14341569640292	0.278463206441434	4.1061643691279	4.02283273970891e-05	0.00267384869268042
"Npy1r"	21.2271991388443	3.92829197273834	0.96300145070935	4.07921708720662	4.51876251280465e-05	0.00293000669296174
"Crabp1"	31.8001593544569	3.54843868897147	0.876086329522572	4.05032993826671	5.11454682179666e-05	0.00324678322116672
"Scx"	79.4497916994353	1.45860397024334	0.360146470663892	4.05002988799128	5.12110918165097e-05	0.00324678322116672
"Erap1"	92.4485926755468	2.01009212935981	0.501094183877282	4.01140582755612	6.03582530094728e-05	0.00378466144694562
"Cxcl1"	1967.43551364526	1.32488483870882	0.331406609127133	3.99776227214759	6.39441230059665e-05	0.00396592571600049
"Adtrp"	12.7344017540545	6.46052897178065	1.61860033733971	3.99142939905661	6.56762411024855e-05	0.0040513365592517
"Bmp2"	21.7182392431032	3.33388945647749	0.83676396603979	3.98426508762802	6.76892789227783e-05	0.00415306479068143
"Frmd6"	375.10963996672	1.00727211728858	0.253586058126337	3.97211157715441	7.12383362347785e-05	0.00434744327867001
"Tm4sf1"	155.362062659857	1.38415303836521	0.34979524974023	3.9570378368292	7.58849147035602e-05	0.0045820034211483
"AA467197"	41.3452080165399	2.94834497376799	0.746010893530981	3.95214734708904	7.74530225199705e-05	0.0046520731210416
"Rbp1"	153.135031176883	1.64611247145584	0.421758939623507	3.90296995939265	9.50194999409599e-05	0.00544905795641324
"Lrig1"	34.6003352564821	2.18492923856941	0.559999156384247	3.90166523227796	9.55332170880608e-05	0.00545112536704475
"Serpina3f"	21.1338969937582	4.70840982601873	1.20745421370694	3.89945206416043	9.64106217030298e-05	0.00547382096952725
"Ptk2b"	186.750516034315	1.25757652268335	0.325175430583941	3.86737866518707	0.000110011534571433	0.00603582515639034
"B4galnt1"	45.6148519486688	1.85185511257917	0.480373108725236	3.85503492794055	0.000115713107522332	0.0062738890786382
"Atp8b4"	27.7132956008035	4.28102751801201	1.11420266642713	3.84223413478252	0.000121919448338754	0.00650029399638968
"Rnf19b"	358.254743865488	1.10925888791291	0.288781455403209	3.84117077865723	0.000122448883673732	0.00650029399638968
"Slpi"	403.261697389063	1.38868270331633	0.363711917204783	3.81808414194592	0.000134492058632206	0.00704047418858137
"Il15ra"	73.36403917252	1.60114929526795	0.419495024897334	3.81684930747344	0.000135166666038426	0.00704347941931745
"Slamf8"	12.3780654422303	4.70741206649225	1.24007448891578	3.79607201709959	0.000147006809395688	0.00762564413101634
"Gpn2"	62.2381340593301	1.74854447597279	0.462017167932292	3.78458766759299	0.000153963629017884	0.00795037526856153
"Slc2a6"	9.82015397711263	6.15146452958823	1.6278313656043	3.77893230193696	0.0001575022324177	0.00809646610968826
"Gramd1b"	79.8239199109734	1.75274999296182	0.46490118770385	3.77015598006679	0.000163145549922385	0.00823812838811616
"Mgarp"	144.782619721989	1.18685744194822	0.315209789331528	3.76529372537959	0.00016635340944637	0.00836057224078593
"Cdkn2a"	290.400741484519	1.32153660635927	0.352710722787745	3.74680019908141	0.000179104630793876	0.00884823396805068
"Cp"	18.5815150949736	3.88711040185762	1.03830465206409	3.74370893372215	0.000181323690916526	0.00891924983077325
"Tspan11"	41.245655179632	2.02957015551794	0.547681308056178	3.7057502705748	0.00021076589265116	0.0101487779195571
"Cyp7b1"	159.017411314993	1.27068300844019	0.347023998683458	3.66165744519375	0.0002505887827783	0.0118170214424213
"Bcr"	67.1112764486738	1.58467732360131	0.434087849882731	3.65059128936552	0.000261637294802899	0.0121869584011865
"Tbc1d13"	122.468499198873	1.16880930539501	0.324861014709061	3.59787494489536	0.000320827802149347	0.0145868003112683
"Tmem63b"	103.167644877483	1.25391424682379	0.351296662533985	3.56938844160664	0.000357815547071384	0.0160763426109395
"Axl"	534.879857827656	1.15627314936793	0.324065898364393	3.56801858882347	0.000359690991632697	0.0160972297902445
"Pgk1"	330.512793756389	1.3929871775484	0.391434115103099	3.55867596563856	0.000372729036690518	0.0164231033463791
"Ifi47"	8.61249635919043	5.85826643750456	1.65161204982962	3.54699908983402	0.000389645937427246	0.0167409155715437
"Gch1"	35.9661184103296	2.04198939407793	0.576930767919326	3.53940109909941	0.000401036009432852	0.0170769512673422
"Ncam1"	354.52369196272	1.02407930316556	0.291120623156926	3.51771472615165	0.000435280028159845	0.017932908596968
"Htr2a"	19.8391042198214	3.42511632674011	0.976262491397615	3.50839692902339	0.000450815883058275	0.0185061541635289
"P2rx7"	37.0162497130035	1.84976318855811	0.527727097971755	3.50515104429432	0.000456348300917218	0.0186661175988075
"Gbp6"	9.21450335508229	5.89561671525005	1.68766334984139	3.49336063724092	0.000476981875376929	0.0193025431269557
"Ninj1"	65.020527353621	1.53073860141178	0.439869968067313	3.4799797952506	0.000501451597974355	0.0200791776704679
"Camp"	26.8509484602613	2.40294146076732	0.692837855399368	3.46825948097511	0.000523841213334308	0.0208295328451955
"Gjb2"	18.090471148738	5.45984748687032	1.5792858102777	3.45716237766377	0.000545895807645984	0.0214819412305378
"Btg2"	80.0443565510702	1.42561886898514	0.413408068977828	3.4484543867517	0.000563804687512792	0.0221104436216357
"Fas"	202.439654945923	1.1176332537385	0.324204991347999	3.44730427835654	0.000566210493013692	0.0221287470762748
"Gbp5"	12.7423172164316	4.41109593521168	1.28085299283539	3.44387369970299	0.000573443511673006	0.0223349397788817
"Errfi1"	107.416830073748	1.35229887176406	0.393947666334201	3.43268659095661	0.000597632494845456	0.0231192611226317
"Rffl"	40.0639183306188	1.99222760736277	0.58389266782888	3.41197572281663	0.000644938568339303	0.0246155148558131
"Hs6st1"	97.0120185548779	1.31277370179347	0.386230652708023	3.39893711850438	0.000676482675471908	0.0253877474814652
"Il2rg"	9.71453055382718	4.36303854622051	1.28643310995047	3.39157824256287	0.000694913186842105	0.025916174144582
"Gsap"	18.5115460319046	3.11282887848324	0.918851065797093	3.38774040141412	0.000704709295313841	0.0261959038375295
"Slc38a1"	107.200010291508	1.18783306321477	0.351914347764849	3.37534707169282	0.000737226524790213	0.0272272786437084
"Hivep2"	53.7241107853815	1.57462745283726	0.472184762136228	3.33476973232561	0.000853700601994151	0.0308304787023964
"C1qtnf7"	11.7973484053255	4.05309333837299	1.22321376172662	3.31347918507055	0.000921429652879224	0.0326643422282221
"Ctsc"	39.6561590659385	1.77558744601155	0.546501594030533	3.24900689294668	0.00115808671880454	0.0395146834248287
"Il6"	37.1354599734873	1.80716343279403	0.562078085438962	3.21514657769073	0.00130377930107831	0.0433782197781506
"Sh2d4a"	30.8417326728614	1.93827279312018	0.608663701877133	3.18447245522036	0.00145018111529011	0.0467499064624034
"Phlda1"	46.3233488516132	1.53773148502262	0.484199556957922	3.17582175143595	0.00149412727418047	0.0478960125082796
"Spsb1"	95.4916759882383	1.14845115837315	0.362692834725299	3.16645670500488	0.00154308314572092	0.0490519912506048
"Cdc42ep3"	145.584806834791	1.05354101846494	0.334488158393891	3.14971095994465	0.0016343206664201	0.0512386468274346
"Rbfox1"	38.9199283844159	1.85456916303221	0.589882991346729	3.1439610740397	0.0016667760957577	0.0519706251496908
"Il34"	91.4894081873933	1.323706127485	0.421776647021152	3.13840544950468	0.00169869728509893	0.0524492671876048
"Rassf6"	7.54982355868488	5.25272107102615	1.67640332557723	3.13332775644398	0.00172836326041774	0.0528937824487005
"Dock5"	51.8307228308589	1.37414192207337	0.438787591507169	3.13167908270469	0.001738097477941	0.0528937824487005
"Trim47"	94.1743706613179	1.09871892264506	0.351108558794995	3.12928550194238	0.00175231957388188	0.0530977769736477
"Exoc3l4"	145.474331367136	1.02840210316005	0.328669443557978	3.12898604758381	0.00175410637215783	0.0530977769736477
"Foxf1"	16.8072874459851	2.55161335610788	0.81716014024967	3.12253771375617	0.00179299131997386	0.0538463603777413
"Kcnf1"	8.1447642413074	5.34977399265406	1.72603998217832	3.09944963493978	0.00193880538166108	0.0571722145103779
"Nrip2"	11.3834098138923	5.2635300621937	1.69970313982323	3.09673491733452	0.00195664758501712	0.0575496449490087
"Cxcl10"	9.59565229348001	3.8921061738577	1.25729958193489	3.09560762588344	0.00196410078836015	0.0576203552616095
"Cxcl12"	4401.64420295642	1.00606911004898	0.325892811941008	3.08711660148888	0.0020210830160022	0.0588515186264401
"Adamts7"	23.5454652560169	2.66769908713123	0.864158142501487	3.08704964511358	0.0020215383194501	0.0588515186264401
"Hpcal1"	77.2165106272117	1.12156749258246	0.364153923409662	3.07992697725444	0.00207051352606498	0.0597916086270002
"Agbl3"	44.9331727632996	1.4471825483017	0.470713779475105	3.07444271105778	0.00210896221349989	0.0606233672051908
"Mthfr"	119.784268713131	1.09711987278578	0.357750166913479	3.06672078520963	0.00216420912983536	0.0618996355631105
"Thg1l"	29.1428551835458	2.27021371298178	0.740227871094884	3.06691196269585	0.0021628254734247	0.0618996355631105
"Ngf"	22.9276895683616	1.93736389270669	0.632255382588356	3.06421099141207	0.00218244929740333	0.0620702909555417
"Tcea2"	13.4684928773902	3.29146920635161	1.07668908063236	3.05702850113281	0.00223543019653408	0.0628343088740072
"Tlr2"	38.1499889027512	1.56825285801859	0.513277899048149	3.05536798082841	0.0022478454027632	0.0630280386642104
"Tsfm"	107.147193621292	1.36968808170595	0.452636479511513	3.02602230201182	0.00247794025084235	0.0683049616971326
"Ifit3"	24.2722362574434	2.37514860549747	0.786106897967851	3.02140664537789	0.00251603211368773	0.06918785176242
"Maff"	23.9090849676303	2.02385715997889	0.673410602121029	3.0053835707433	0.00265246122849875	0.0714005079341321
"Ccdc122"	40.3150878231838	1.44620615615427	0.483240286007417	2.99272680285614	0.00276497136970297	0.0737239562407718
"Ets2"	70.0473648607694	1.22727179197488	0.411067081863583	2.9855754598763	0.00283045294175607	0.0747711318780561
"Ablim1"	84.0701217071911	1.08182623276317	0.363545647641148	2.97576450105389	0.00292259198623701	0.076321784317933
"Parp9"	34.6543896471704	1.46460122639389	0.492781118835811	2.97211311556334	0.00295757697049687	0.076534848950817
"Adarb1"	32.3557171158753	1.58549551571308	0.537434412959023	2.95011907961681	0.00317651474240751	0.0810970609403903
"Vldlr"	82.7936087696086	1.24079305830878	0.420941770084514	2.94765962061607	0.00320189402191699	0.081380878793133
"Plac8"	19.5023363325449	3.27718016741455	1.11208536963998	2.94687823154753	0.00320999581150872	0.0814054937798612
"Gadd45a"	79.25093364583	1.28832349771115	0.437723254516935	2.94323750090208	0.00324799138381989	0.0821864249936865
"Ciart"	18.5844973025334	2.32803569856925	0.799608053782906	2.91147104829101	0.00359731243343991	0.0882850096568092
"Azin2"	32.9093968191199	1.47053153287011	0.506092895419395	2.90565535730648	0.00366484865661295	0.0891753792521684
"Tcfl5"	65.68777413297	1.34821145981135	0.465482438937395	2.89637448598287	0.00377501618454918	0.0907514287889055
"Gdpd1"	13.185870955305	4.40473569198889	1.52745031946008	2.88371781122536	0.00393010754323402	0.0936333763745023
"H2-T10"	14.6399389809941	2.35242274697268	0.816244204570345	2.88200851387478	0.00395149056409357	0.0937513728013218
"Cacna1c"	48.7838222009639	1.27200091942698	0.441550649448697	2.88075880086498	0.00396719106228599	0.093928598346074
"Ifih1"	6.28833099709019	4.90143396181268	1.70589551186961	2.87323222771181	0.00406295338859551	0.095404164754428
"Etv4"	21.4902571446204	2.24746081597456	0.782902258825918	2.87067867110892	0.00409591649596404	0.0957840144507
"Parp8"	30.0841468276934	1.55921803032474	0.543508585106314	2.86880110646227	0.00412030805206169	0.0959895268513607
"H2-T23"	57.0395309389029	1.38205113597877	0.482573029209781	2.86392121466443	0.00418432071882	0.0970558293560445
"Synj2"	52.3882024192644	1.22177372375469	0.427511661747302	2.8578722712759	0.00426492029597033	0.0985248389020515
"3110043O21Rik"	85.0508487260405	1.03008860231302	0.361142519368362	2.85230496845025	0.00434034375488503	0.0996619777278631
"Zbtb46"	26.3104685909131	1.77684107238923	0.625588302694839	2.8402722121484	0.00450750518950426	0.101458874206356
"Cxcl2"	15.7075826340566	2.94035708556592	1.038893722143	2.83027707540732	0.00465077085706001	0.103018815967146
"Ift46"	64.2018006889524	1.10141661249984	0.389929696437026	2.82465434811456	0.00473316454194333	0.104275818055323
"Gjb3"	46.1601910828307	1.30170685270545	0.461553793141687	2.82027116242516	0.0047983083518985	0.104900948107022
"Tmem35a"	27.9874123533942	1.67236339093764	0.595396061655439	2.80882508071653	0.0049722654330219	0.106674891954859
"Naaa"	146.489661566441	1.06982259141287	0.380569562968469	2.81110917822272	0.00493710298228244	0.106674891954859
"Gdf9"	6.56326915047053	4.92623679862426	1.75290606597508	2.81032560400433	0.00494914026205166	0.106674891954859
"Alg2"	50.5949346071637	1.35060932162501	0.483807678039883	2.79162440558388	0.00524441929869587	0.111244076276426
"Rnf213"	26.1504506258576	1.98377851311543	0.716240502421979	2.76971004349412	0.0056106215378557	0.116840169689798
"Parp10"	17.9177646794223	2.06883932665503	0.748226693016038	2.76499000365212	0.00569245402116181	0.117860668446715
"Gbp3"	14.3766162003243	2.30278622659372	0.833862743536258	2.76158905580554	0.00575208270811352	0.118275257414399
"Ifit1"	15.4542639318523	3.54580255271516	1.28497898091192	2.75942455509955	0.00579032553542062	0.118514766425869
"Acvrl1"	55.2742975778817	1.1792719644474	0.428371703844027	2.75291751034233	0.00590667771028715	0.120584983953125
"Prdm1"	16.6901315459366	2.22385963066394	0.808118561526588	2.75189772458997	0.00592510224018638	0.120745119223227
"Dmpk"	71.3644080767165	1.16659611619731	0.424663045990913	2.74711003750083	0.00601229591815336	0.121795248298057
"Lrmda"	15.6754873453641	2.40343014926219	0.875016062659248	2.74672689088468	0.0060193235226169	0.121795248298057
"Bbc3"	42.4336206966058	1.31348338439978	0.47963602907364	2.73850024764948	0.00617201139446583	0.124005271185993
"Spg11"	32.8455986044818	1.72601880823875	0.632132626985326	2.73046942137795	0.00632441999846124	0.126621545653403
"Col15a1"	15.8154110645746	2.56804085375609	0.944223796509853	2.71973748516863	0.00653337613102123	0.129442514595858
"U90926"	33.096568337917	1.66355285498518	0.613024021850711	2.71368298090985	0.00665398091205228	0.131148929478999
"Ccl11"	11.02539815327	3.50666895962418	1.29837672027309	2.7008100999274	0.00691708206232508	0.13379278050043
"Lamc1"	86.2477503904885	1.09442092719195	0.405466478716214	2.69916499794779	0.00695137024030289	0.134228489310214
"Tmem131l"	33.8232208816468	1.49667122563165	0.559797895766253	2.67359208912888	0.00750436692879481	0.141319860381859
"Hspa1b"	73.4998294145687	1.07458895397574	0.405056693748091	2.65293468929572	0.00797953088578722	0.148794781811444
"Dgat2"	51.9859013551597	1.32998210624025	0.501863522581574	2.65008721773372	0.00804709940785019	0.149080354614264
"Lgi2"	24.0511893024413	1.73745447789041	0.66043893525005	2.63075719064412	0.00851948797532737	0.154569788194652
"Adam19"	58.7565501851101	1.05119826083275	0.399749534144906	2.62964224106313	0.00854747659942166	0.154607594528427
"Rapgef3"	76.1610905865404	1.03314454209676	0.393491420178348	2.62558340313619	0.00865006143449758	0.15594707913189
"Zfp317"	182.009725874002	1.0574513505093	0.402870615604032	2.62479145798171	0.00867020523187522	0.156063694173754
"Zfp365"	58.1070871644834	1.04809623036901	0.400567031664619	2.61653143548406	0.00888281846529585	0.158144655734721
"Apobr"	40.0926273559728	1.35740826324497	0.519250399148303	2.61416893558762	0.00894447981579364	0.158254889391995
"Rsl1"	28.9446210684221	1.82597665115881	0.699697450937433	2.60966600451727	0.00906306611319694	0.159878200593846
"Gm14326"	18.994135801638	1.86685559240764	0.717190281701782	2.60301295212462	0.00924084625491198	0.161757660558488
"Rccd1"	14.6511732903301	2.12764461718923	0.819328715606427	2.59681441241133	0.0094092747508724	0.163685992715882
"Cd34"	56.8223422387522	1.11402402719949	0.432217162453835	2.57746365478597	0.00995283477119025	0.170287481872299
"Nlrc3"	10.0893609431968	2.75359044971007	1.07097034347509	2.57111736705539	0.0101370965734011	0.172406178980109
"Mfap3l"	16.4510320615543	2.52602388801005	0.985717357078912	2.56262494504074	0.0103884201335446	0.175126864087269
"Zfp697"	24.8388182441018	1.71088257138485	0.670821492607889	2.55042897438126	0.0107590444072241	0.179768982101378
"Ttc30a1"	30.7169189567914	1.44974247945944	0.570376487447205	2.54172903576014	0.0110305650142159	0.182966290613709
"Gas7"	24.0066608655951	1.52309236535789	0.599390562277978	2.54106831373752	0.011051432418656	0.183046366852978
"Crabp2"	52.3218808039252	1.07805902562073	0.424358875739172	2.54044179880274	0.0110712518576031	0.183108878549226
"Rrm2b"	23.7826810379636	1.57373262655012	0.619958072780826	2.5384500914572	0.011134468285744	0.183622185082241
"Fbxo34"	41.5891844651948	1.20501178719254	0.477804081376879	2.52197884898781	0.0116696724754369	0.188632156217685
"Car2"	6.57204447940628	4.30699118003956	1.70882379290594	2.5204419542376	0.011720756789966	0.189189924309889
"Ptgir"	10.0853589952024	2.44134232087137	0.972103550960383	2.51140150497287	0.0120252838262674	0.193285266232906
"Tnfsf9"	32.5139158509165	1.57501885948796	0.627600449229379	2.50958848328088	0.0120871929145671	0.1940070964009
"Agrn"	57.0406963090477	1.13059623850072	0.453679244746352	2.49206074907136	0.0127004312976514	0.199539495598854
"Cfap69"	19.110132487722	1.67106789170926	0.670640950970881	2.49174746828399	0.0127116380389386	0.199539495598854
"Ncstn"	57.3819096833246	1.16779965738389	0.469574223959966	2.48693305083001	0.012884964440933	0.201153507797439
"Bahcc1"	52.3320176490319	1.00513992643758	0.405720271502016	2.47742101403131	0.0132335696241113	0.205192250747769
"Rgs16"	42.6929553568253	1.17912765228707	0.478161023661169	2.46596354353343	0.0136645241060925	0.210924692875719
"Abcb1a"	18.7151697469788	1.71291048996451	0.697083699383481	2.4572522517446	0.0140004341152218	0.213696744519648
"Frg1"	52.7538881429489	1.40956708012222	0.574581718718745	2.45320558277663	0.014158939236656	0.214584083092587
"Ninl"	42.7899123109584	1.25726154650776	0.512647109480885	2.45248929186567	0.0141871601938229	0.214726620864598
"Akr1b8"	51.8513502412893	1.04539581551415	0.427582854751203	2.44489647771875	0.0144893725083198	0.217074406530036
"Plscr1"	22.2096079872151	1.52631626511513	0.626466889345593	2.43638776617471	0.0148347722511486	0.219791250817928
"Spred2"	24.4067528902945	1.50929833946917	0.620966652063362	2.43056263078547	0.0150754002953343	0.22113170715984
"Atxn7l1"	59.7099094612594	1.05330421873674	0.435138351953337	2.42061912954456	0.0154941015551702	0.223727812000994
"Kif21b"	19.4989326130494	1.62604246653487	0.674175642427044	2.41189738134278	0.0158697474695399	0.225355555905391
"Stx11"	53.5081474788308	1.05318766439026	0.436999149382914	2.41004511307967	0.0159505480713082	0.225438993023429
"Crem"	34.845950416908	1.35042540901362	0.56039119765834	2.40979054392098	0.0159616812445611	0.225438993023429
"Actg2"	78.0385398402138	1.06227629776075	0.442535075305973	2.40043412835983	0.0163756377744083	0.230146278671857
"Fjx1"	11.7034032250111	2.3748513151751	0.990127254885986	2.39853140437849	0.0164609648998797	0.231060924277278
"Foxp4"	36.7621433668747	1.32410913484511	0.554851265375753	2.38642176286361	0.0170132269394713	0.235911234305282
"Atp6v0e2"	14.2653812357982	2.19983953295139	0.922581075160853	2.3844403404523	0.0171051212408799	0.236897625729273
"S1pr3"	38.5838651120413	1.14975088486768	0.483496622339534	2.37799155515149	0.017407224570925	0.239627559473336
"Arrdc1"	44.4306128455744	1.09661277705974	0.462146555861024	2.37286800724209	0.0176505702139122	0.240942951293261
"Arl6"	27.3669676530027	1.41990413781987	0.598813998341374	2.37119396298817	0.0177307235400533	0.241459447540678
"Ntn1"	12.019397209236	2.11739630702425	0.899586903467988	2.35374292229188	0.0185854596442062	0.245399783111335
"Slc25a13"	43.9559178591655	1.31645984110311	0.559572672249482	2.35261639173861	0.018641854588821	0.245578865059065
"Cd82"	70.4748850331132	1.23923793978341	0.530305085356693	2.33683963062484	0.0194475243156731	0.254512783819336
"Msi1"	55.8531147299877	1.09670295781456	0.469569321566147	2.33555070028157	0.0195146705600478	0.255098992475677
"Car9"	31.9978235331809	1.79535012117612	0.770391854309095	2.33043757035338	0.019783036011249	0.257427602007268
"Agtr1a"	28.7400353440411	1.3512387747031	0.579753308088632	2.33071334971412	0.0197684797853002	0.257427602007268
"Cpeb2"	30.5532564214449	1.31215341977796	0.563679817704073	2.32783466529368	0.0199208845861978	0.258392958193914
"BC048403"	11.0228738776388	2.11957358663772	0.910565820935318	2.32775438952951	0.01992514924734	0.258392958193914
"Bmpr1b"	40.644056264321	1.21666308966178	0.523167297379581	2.32557175449565	0.0200414078630131	0.259001284961677
"Nrg1"	21.1721266311787	1.95914970086922	0.843468444088249	2.32273028659296	0.0201936461863686	0.260082592176695
"Bhlhe41"	36.8687042040422	1.22557642816345	0.528910325583506	2.31717243714493	0.0204943403406049	0.263077314655408
"Zkscan14"	13.1962036932137	2.00981404509545	0.870157776595109	2.30971221444433	0.0209040921311334	0.266842840492722
"Myc"	35.1432934432952	1.11006232165525	0.481139881413758	2.30715092333127	0.0210464079163197	0.268283044007715
"Lama5"	20.5054684985662	1.71418313356763	0.744143149946826	2.30356636850063	0.0212469975673164	0.269538673842922
"Dmxl2"	18.800606586223	1.85814139094109	0.808941188081084	2.2970043042917	0.0216185241924259	0.272307503403935
"Stk10"	10.9980818415939	2.36458757896398	1.03090323443273	2.29370468535305	0.0218074674457488	0.273480020319654
"Tspan18"	41.7858081154998	1.16904629816694	0.510375817874172	2.29055973505225	0.0219888899760529	0.273718767087959
"H2-Ab1"	15.9159717629375	2.4694124518762	1.0780119653074	2.29070968722693	0.0219802099774373	0.273718767087959
"Slc16a9"	13.5251812177063	2.07358576758835	0.90738396998952	2.28523517735529	0.0222990415697719	0.275407643283806
"Hpse"	10.6366476408147	2.32608463281003	1.01894993063669	2.28282525261725	0.0224406638412381	0.276558159563941
"Angptl6"	19.0475873290982	1.87679169595272	0.822476655363635	2.28187837759718	0.0224965217437353	0.276649036788262
"Mnda"	20.556485084693	1.63422062694911	0.716383176776324	2.28121022370039	0.0225360100687543	0.276836326054494
"Alpk1"	97.6307883982697	1.02768390027114	0.450742837432811	2.27997832672013	0.0226089739330995	0.277433989811325
"Tmem200a"	9.45806925597048	2.82707690920479	1.24191596349261	2.27638342070608	0.0228230711043509	0.279160651064151
"Parp14"	18.4984636117687	1.69085783316637	0.743379064995053	2.27455670032573	0.0229325360893272	0.279899574172622
"Casp4"	26.3716777959266	1.4105592455885	0.621683738466795	2.26893379754027	0.0232723520605953	0.280987397516196
"Stab1"	8.29091477619783	2.43622865883929	1.07438364497652	2.26755933062674	0.0233560788483843	0.281059986512092
"Nop56"	78.4355614644193	2.11923086479186	0.935431703316425	2.26551105471246	0.0234813364189313	0.281480053795004
"Bst2"	54.3446999703969	1.24177260749553	0.548756752136053	2.26288351380077	0.023642870934193	0.282230589017793
"Flrt3"	65.223023816539	1.02670547326151	0.454378408833055	2.25958243900348	0.0238471785173146	0.283319748660062
"Lrrc32"	407.973528341953	1.29708484544017	0.574931518446279	2.25606842523692	0.0240663461977899	0.28350154793331
"Otub2"	24.2264433936989	1.53763179998083	0.681873929180669	2.25500893079815	0.0241327682161478	0.283628373720576
"Zbp1"	7.95280482513104	2.66421494116911	1.18290179559431	2.2522706036054	0.0243051766575247	0.2841912664095
"Micall2"	29.7064887421245	1.27289394069503	0.564902136901921	2.25329992142698	0.024240244716486	0.2841912664095
"Pcdh7"	55.9408789547867	1.01889445497618	0.452563513279481	2.25138444677701	0.0243611983578282	0.284263799242878
"Calml4"	15.3851101148491	1.99329943075777	0.886023602016716	2.24971369410559	0.0244671256638118	0.284917181709613
"Igtp"	6.75239375673357	3.00710402490458	1.33937607028961	2.24515286752463	0.0247583206610461	0.28655370728586
"Tjp1"	44.0773169291283	1.07994394511304	0.482369648773556	2.23883063094628	0.0251669384284238	0.289798465486692
"Insig1"	34.7943555873046	1.13299043353635	0.507662160336152	2.23178034932943	0.0256294837053465	0.292776444489904
"Ces2g"	23.4514133055562	1.39493419325111	0.625769400433935	2.22915053418049	0.0258038905201627	0.2941798187973
"Ppox"	18.8449335773165	1.8754499102392	0.84253636419417	2.22595722860335	0.0260170464736571	0.296018478920613
"Gtf2h3"	32.8543390667796	1.17879705393951	0.530877012677621	2.22047108047481	0.0263868066692941	0.299033006663341
"Flt4"	42.1429538807827	1.3548472607939	0.611417838032854	2.21591058768079	0.0266976262824928	0.301060584126293
"Fez1"	20.2284535365317	1.61616281340501	0.729801191725158	2.21452476610049	0.0267927009658665	0.301314725939824
"Gpat3"	6.71618620297762	3.31922791362223	1.50265416804095	2.20891006341772	0.0271808971003279	0.304703730558883
"Zfp456"	7.82055506222562	2.31677489574227	1.05031963051412	2.20578081989025	0.0273993498729836	0.306088912504927
"Miga2"	33.2120548154736	1.19504659129784	0.546939773479026	2.18496925849126	0.0288911006744057	0.31763510683653
"Egr2"	33.1374437354058	1.34809603385995	0.6175600204217	2.18293929218314	0.0290402809728562	0.317711918052775
"Zfp467"	20.1528337534267	1.58688312147105	0.728869509640638	2.17718411935415	0.0294668327064909	0.319793409465251
"Samd9l"	42.4454624740909	1.30011223370334	0.598053584705418	2.17390592908784	0.0297122006866867	0.320678781407311
"Ankrd33b"	12.8137454269488	2.01603005638084	0.932063975092553	2.16297390549898	0.0305431866882922	0.324542687604088
"Fam217b"	36.2930049953504	1.19505662448703	0.552650728062562	2.16240848659797	0.0305867040059414	0.324702759177491
"Armcx6"	5.91382564145337	3.44760267627199	1.59613556793984	2.15996858006358	0.0307751019843087	0.326096066708385
"2200002D01Rik"	51.7152853734517	1.03802868801552	0.481540426363872	2.15564183438077	0.0311116432612597	0.328109120440788
"Cdhr1"	5.71543925957544	3.58117563596202	1.66489403292734	2.15099313538012	0.0314767415134007	0.329552820321953
"AI846148"	29.1188107321467	1.22759919151075	0.571741459382556	2.14712291957361	0.0317834970864103	0.332459458066099
"Stambpl1"	30.7875691172295	1.18736369526019	0.555613867102664	2.13703034708599	0.0325955234124612	0.338779702352466
"Hist2h3c2"	30.7900525760891	1.06436579553874	0.498263486784961	2.13615049821642	0.0326671488009437	0.339215197558116
"Glipr1"	37.3369309303071	1.30207535527234	0.611348564315871	2.12984119252726	0.0331847265806728	0.342411723416525
"Trim21"	6.45233814940996	3.05494855518383	1.44871578906219	2.10872869492326	0.0349680065004207	0.350284343342868
"Spns2"	10.1094764156971	2.4450683148658	1.16004493647849	2.10773586261942	0.0350538433923263	0.350284343342868
"Herc6"	11.0656955228384	2.42042791279057	1.15042851507371	2.10393595175749	0.0353840343569471	0.351438294239756
"Irgm2"	68.4859154390239	1.21992759564746	0.581355852361145	2.09841801831494	0.0358682349703373	0.353173682037523
"Rrad"	18.5767304199407	1.45400937489376	0.695541565479842	2.09047086048792	0.0365755233271208	0.35580395325416
"Lamc2"	9.10296756607824	2.46067309047794	1.17931904984456	2.08652025997736	0.0369315219474339	0.357888274376544
"Prkd2"	26.7724848724763	1.28509897781514	0.61680024515501	2.08349297509143	0.0372063113642973	0.358339974591886
"Dusp23"	12.305339667953	1.97929584402253	0.951417180258347	2.08036588480048	0.0374919858960619	0.35894173074317
"Iigp1"	13.593302147112	2.10085783914869	1.01255590569976	2.07480676111096	0.0380044477198428	0.360143147052684
"Fabp3"	9.02359836376739	2.28288861512494	1.10351870334925	2.06873577058207	0.0385708885740161	0.363477275315171
"Insl6"	6.63298764799146	2.70058878580851	1.30764851226838	2.06522529599624	0.0389016881171713	0.36568868599107
"Prkd1"	44.30355510735	1.02204099076374	0.495018256211787	2.06465312731107	0.0389558325723091	0.365858022917798
"Dock11"	30.7830508020221	1.13006933452106	0.547817186118776	2.06285849213217	0.0391260747675334	0.365870862591853
"Amigo2"	7.31167536315843	2.24209225220892	1.08737176487081	2.06193716320683	0.0392137187955385	0.366208640666682
"Renbp"	35.8917306463056	1.21164475776173	0.587731517229774	2.06156165228763	0.0392494881285378	0.366242975080027
"Ino80"	23.4591139947904	1.24652864437851	0.60608218497673	2.05669903402023	0.0397151851547677	0.369548200924167
"Trnp1"	21.8522939061657	1.35187992809349	0.660247394267754	2.04753542358586	0.040605542465155	0.373546040937568
"Pla1a"	8.6552750720936	2.2646974400271	1.10565899883842	2.04827839542421	0.040532728664462	0.373546040937568
"Setdb1"	53.4394244736613	1.22440653467365	0.599009586768704	2.04405165079008	0.0409484448388868	0.375948232100866
"Slc35d2"	25.9868713180557	1.23037071322199	0.60707647826449	2.02671451995533	0.0426916166731563	0.386971191004019
"Ctla2a"	8.3070044584055	2.99614267522689	1.47884046487311	2.02600804237796	0.0427639605021064	0.387319299404792
"Rpap3"	27.0997895609319	1.17214836646028	0.580325331890118	2.01981251213453	0.0434028388008677	0.388952144441148
"Adamts14"	8.29925795179405	2.16576322137594	1.07382752223069	2.01686320804756	0.0437097905055291	0.389985801898374
"C2"	44.1076073995237	1.03271811024775	0.514453464570334	2.00740821351113	0.0447062149812074	0.392469817623112
"Asb7"	39.4426453169422	1.11094731536297	0.555056198695289	2.00150420439292	0.0453380811378881	0.395867009904804
"Akr1e1"	46.1417049861389	1.02015793404497	0.511579636675549	1.99413319238892	0.0461375007127919	0.400092065451657
"Tpd52l1"	7.64601556834122	3.19747278707694	1.60566035474086	1.9913755593679	0.0464396141531423	0.401187643236684
"Itgb8"	28.5482060628606	1.1714367492587	0.588471747607258	1.99064229340115	0.0465202270723197	0.401580053970735
"Gbp7"	20.1303503963761	1.44111445624447	0.724354562669389	1.98951526022516	0.0466443591307335	0.402043373413845
"Nipsnap1"	15.1096330736908	1.62588237186441	0.817815047905319	1.98808077208753	0.046802757548781	0.403104203129576
"Slc37a4"	29.227335524034	1.21012915039399	0.609052970202846	1.986902961808	0.0469331513557112	0.403314098848928
"Slco4a1"	18.3234308011195	1.66894789445162	0.840956699616291	1.98458243475927	0.0471909482106597	0.404311637372409
"Phkg2"	19.4845126476385	1.42188896867212	0.721264841720115	1.97138261346708	0.0486801282343296	0.41090060903119
"Stxbp2"	19.597398574717	1.29585672824863	0.66044052097233	1.96210966332111	0.0497497181431531	0.416062942829014
