"X"	"baseMean"	"log2FoldChange"	"lfcSE"	"stat"	"pvalue"	"padj"
"Ccl2"	7001.64264854155	3.62571482154474	0.215981987817247	16.7871166396183	3.03222799925389e-63	3.64018971310429e-59
"Ccl20"	996.266237297416	5.27809841728287	0.403715624549064	13.0738026876674	4.64825156230471e-39	2.7901130002734e-35
"Nfkbia"	995.404194971866	2.66963914188574	0.223194813870643	11.9610267621764	5.68545338057876e-33	2.27512892779493e-29
"Mmp3"	1004.59683224414	3.8785214811946	0.372205531404719	10.4203757170317	2.00160905292716e-25	6.00732917009763e-22
"Ccl7"	2719.74416211259	1.91461479466374	0.21039344075314	9.1001639015458	9.01956112796206e-20	1.54685473344549e-16
"Cxcl3"	170.121945635456	3.89942471467899	0.442859804090745	8.805099669601	1.30736352124185e-18	1.96186238406355e-15
"Sod2"	967.494237549242	1.84311383662826	0.22441714206252	8.21289238285904	2.15923056705171e-16	2.16013024645464e-13
"Il11"	156.236455647257	3.90394602100823	0.485083394655687	8.04798940557273	8.41652321775038e-16	7.21716865922095e-13
"Ecscr"	123.108035605638	3.82462340405095	0.486987287870601	7.85364115103391	4.04129512333962e-15	3.03223424723076e-12
"Saa3"	984.763141821019	8.58175771951448	1.12612168189839	7.62063092955242	2.52438764237878e-14	1.68362631370874e-11
"Timp3"	3733.7678916117	1.77730233150077	0.235781837978499	7.53791024253041	4.77562362902002e-14	3.01744008770449e-11
"Ptges"	392.491272196156	2.10357675894605	0.28470610773811	7.38859020503011	1.48393738034451e-13	8.53405222959131e-11
"Slco2a1"	122.261976312722	3.29788503138778	0.456318244381334	7.22716014973055	4.93198378103529e-13	2.57428109962299e-10
"Rbp1"	153.135031176883	3.14984379244097	0.45185912665718	6.97085353956061	3.15023800379995e-12	1.5757753014841e-09
"Slpi"	403.261697389063	2.74094514496306	0.394157868774678	6.95392725124037	3.55254857157807e-12	1.70593382407179e-09
"Ak4"	530.479659431	1.68604464999128	0.247647993607251	6.8082306076148	9.8806395339206e-12	4.09024405533506e-09
"Dram1"	402.336025894772	2.08996766523022	0.317838717770931	6.57556033414556	4.84702837247911e-11	1.76329017004884e-08
"Lhfpl2"	237.271282542444	1.88545408819726	0.289293877229975	6.51743516403013	7.15197175996103e-11	2.525277087598e-08
"Mt2"	4313.23129560774	2.08827871803549	0.324313553310086	6.43907322627011	1.20205201267209e-10	4.12303840346525e-08
"Pdlim4"	373.512719239777	1.8773687114935	0.292814371677511	6.41146368854166	1.4412909066535e-10	4.80630481510423e-08
"Inhba"	1520.09171438836	1.75068794071628	0.275143242314033	6.36282369137071	1.98078017364447e-10	6.426828644487e-08
"Sema3c"	95.4838847065619	2.60613719338822	0.417638534026183	6.24017417230191	4.37083936441464e-10	1.27980308706824e-07
"Tes"	167.978768462391	1.83804035891706	0.298001913877143	6.16788105486743	6.92111736348985e-10	1.84640030997101e-07
"Lbp"	326.215209995563	2.11229354750988	0.352437932693496	5.99337741929973	2.0552709998347e-09	5.24205695390775e-07
"Cxcl1"	1967.43551364526	2.14746161538951	0.362435843676999	5.92508068077097	3.12144098974975e-09	7.49457981638915e-07
"Il6"	37.1354599734873	3.36425525791608	0.582222903557366	5.77829425355921	7.54617488498209e-09	1.74215056719635e-06
"Lif"	33.4687438309245	4.87620459716684	0.84722479942416	5.75550267234987	8.63843554042191e-09	1.88553488477755e-06
"Flrt2"	532.086024046188	1.37211298442131	0.24167741487146	5.67745639430601	1.36712361614676e-08	2.87935421260384e-06
"Icam1"	85.5822964509947	3.2993469089107	0.583940191566165	5.65014526583902	1.6031230479527e-08	3.2075820317787e-06
"Enpp2"	273.882929073485	2.46348878630645	0.436935079725208	5.63811170267162	1.71924977392576e-08	3.32896669935142e-06
"Ass1"	102.290758720497	2.6497898200229	0.478093910273291	5.54240445879809	2.98346196212089e-08	5.59632200863457e-06
"Errfi1"	107.416830073748	2.32959218053655	0.421816963324724	5.52275603658732	3.33722969348137e-08	6.16360653388366e-06
"Fgf7"	206.107656580184	1.57325184240035	0.288889636186831	5.44585767480733	5.15563496238561e-08	9.10197025344695e-06
"Il1rl1"	976.938789340414	1.67733037327425	0.308767483119079	5.43234137328954	5.56193895233885e-08	9.67696769896056e-06
"Ch25h"	378.447317096956	4.81155893467721	0.891600365534224	5.39654212882051	6.79374654157018e-08	1.16512753187929e-05
"Gpm6b"	648.156868420963	1.60202013083345	0.299071420260944	5.35664735010677	8.47803632334457e-08	1.43350459241904e-05
"Crabp1"	31.8001593544569	4.7610557384595	0.897870029285774	5.30261127242076	1.14157839669854e-07	1.90342342393972e-05
"Birc3"	78.5720619488769	2.72829210152993	0.527482460589112	5.17228970700348	2.3124268301769e-07	3.51401064509794e-05
"Cald1"	1778.73553501883	1.32008925725882	0.256749149503932	5.14155260030803	2.72477343847946e-07	4.03838334925259e-05
"Bmper"	153.651940301793	1.74948316864072	0.341161555328616	5.12801967664725	2.92805845470356e-07	4.28674899374588e-05
"Slc16a3"	946.400603748241	1.59969849530807	0.312311603788467	5.12212314849362	3.02114467268992e-07	4.36973997537861e-05
"Rnf149"	1038.28885779939	1.16020888477584	0.226770247948513	5.11623061345888	3.1170192735729e-07	4.45474004514793e-05
"Egln3"	51.7846199622316	3.10704021420162	0.614706399638164	5.05451092754286	4.31495054091126e-07	5.954135775131e-05
"F3"	346.394606843297	1.34008541716158	0.265876520045752	5.04025484059658	4.64912344485201e-07	6.31468799635313e-05
"Rcl1"	1260.87184193063	1.05492422670373	0.209354853803238	5.0389289168103	4.68144299604688e-07	6.31468799635313e-05
"Sox11"	209.51547404402	1.69494757807416	0.336653295067226	5.03469772287748	4.78603451569456e-07	6.38403826232369e-05
"Tspan11"	41.245655179632	2.89807252082779	0.576586744753823	5.02625588811471	5.00148426445081e-07	6.52639332551435e-05
"Dgat2"	51.9859013551597	2.63665572424879	0.527473655143316	4.99864912406365	5.77333485674977e-07	7.37328563354053e-05
"Ripk2"	233.169478861492	1.59792809881307	0.319829420363656	4.99618858389004	5.84744805671489e-07	7.38932778114339e-05
"Plk2"	96.0058176393111	1.98002687432952	0.396912802487296	4.98856892980392	6.08282078126968e-07	7.60669411241068e-05
"Cx3cl1"	196.356877152673	1.49307184576784	0.302225054227764	4.94026496109959	7.80164835213116e-07	9.55701923136067e-05
"Atp8b4"	27.7132956008035	5.59514781472436	1.13495049915231	4.92986065815502	8.22882884886534e-07	9.97849397279075e-05
"Etv5"	169.453335429226	1.55758044054073	0.31670875509108	4.91802141716226	8.7423349464604e-07	0.000104951731032257
"Slit2"	341.85946964955	1.61405716805193	0.329424643046076	4.89962485237079	9.60198176771701e-07	0.000114130486258854
"Galnt18"	86.531433999564	2.31873624316961	0.473869069303161	4.89320023900143	9.9209375101588e-07	0.000115631897873259
"Fstl1"	9167.28997605479	1.14984487866158	0.23496882239691	4.8936061683931	9.90048652710877e-07	0.000115631897873259
"Slc7a2"	812.197471412303	1.56535985007987	0.323403106684339	4.84027462237014	1.2965982746758e-06	0.000145473479322271
"Grem1"	56.673724969547	2.58217132003637	0.536249215443276	4.81524493775136	1.47019443357759e-06	0.000163423001621286
"Hk2"	425.780301670546	1.94929801603971	0.406804447971878	4.79173230715135	1.65347422167592e-06	0.000178828450731707
"Gjb2"	18.090471148738	7.62496161356972	1.59587560977836	4.77791725548629	1.77120234355394e-06	0.000188170656056328
"Il15ra"	73.36403917252	2.12669735612625	0.448684547880981	4.7398497812552	2.13876723360769e-06	0.000219452142217609
"Rnd1"	175.150612332685	1.80431166970142	0.384405866814813	4.69376725348119	2.68219184606167e-06	0.000268330942599752
"U90926"	33.096568337917	3.00832181969524	0.644682423040086	4.66636240136515	3.06578783819747e-06	0.000301678549160333
"Tpm1"	3986.13738628887	1.01877799333445	0.219017824764218	4.65157570819276	3.29408295702224e-06	0.000318915047573
"Relb"	116.817811288494	1.81375665242732	0.394465417827054	4.59801181664684	4.26541808150705e-06	0.000403199559594427
"Psat1"	851.58889737952	1.09877500210371	0.239829362612378	4.58148656250901	4.61682275081489e-06	0.000417748723664023
"Ube2l6"	80.9022281829513	2.21006808305151	0.484835468148997	4.55838780006978	5.15477905156175e-06	0.000458393500103695
"Nfkbie"	52.5841734890728	3.08115980750751	0.678984266002946	4.53789573894801	5.68183377421818e-06	0.00050143797771802
"Mt1"	1320.33388407709	1.32971635603431	0.296368020840494	4.48670660303787	7.23325738214768e-06	0.000615852871437468
"Tnip1"	406.382170708877	1.27250399383094	0.283583436486202	4.4872296125548	7.21552978821442e-06	0.000615852871437468
"Fbrsl1"	129.311247154018	1.46290413714199	0.328071130400618	4.45910658263526	8.23019899607487e-06	0.000688863054893244
"Serpina3g"	37.7541607601598	3.19524839204049	0.716703640862565	4.45825611851917	8.2629137779781e-06	0.000688863054893244
"Cth"	185.886406109525	1.24434913954043	0.27954325280782	4.45136531481909	8.53260426435253e-06	0.000696829348255457
"Hivep1"	84.2792934520259	1.76563267407791	0.397131439458316	4.44596548811703	8.74979956853905e-06	0.0006975615462098
"Gbp2"	59.7381224360695	2.45667886279075	0.554959233502074	4.42677356188465	9.5653051683722e-06	0.000745659016534469
"Fam91a1"	556.740870993072	1.03479287216078	0.23718223287738	4.3628599815727	1.28373109694701e-05	0.000969257347097409
"Mgarp"	144.782619721989	1.47971916716048	0.340250964376578	4.34890513792279	1.36818874248413e-05	0.00101395971804916
"Grem2"	171.808654078635	1.36878258623203	0.314965671615426	4.34581514617669	1.38759391297646e-05	0.00102157390094899
"Mthfd2"	851.412906048214	1.00404543683455	0.231104210945862	4.34455708411888	1.39556951066751e-05	0.00102157390094899
"Foxs1"	61.8232159509866	2.46308786231691	0.570347560240028	4.3185735050402	1.57040920758754e-05	0.00114259166891445
"Ereg"	43.5999765892079	2.5041189157102	0.581885317078312	4.30345781585204	1.6815287662535e-05	0.00120663948721868
"Tsfm"	107.147193621292	2.09610061647257	0.487178672545486	4.30252951246929	1.68859170223022e-05	0.00120663948721868
"Cgnl1"	358.517348563851	1.25587813222864	0.292637020195764	4.29159007766176	1.77398211964059e-05	0.00125274443213443
"Jup"	139.673433860231	1.80734748508267	0.421746749683731	4.28538568806518	1.82422429831794e-05	0.00127324492449459
"Mdn1"	175.307178555161	1.30300862224008	0.304492406335955	4.27928117459334	1.87497876543663e-05	0.00130110520688247
"Ptgs2"	262.405100610399	1.30687848179005	0.306391780096357	4.26538362543228	1.99559011483935e-05	0.00137684249015209
"Slco4a1"	18.3234308011195	3.68590014584995	0.868576231762976	4.24361156920973	2.19950940052843e-05	0.00146695057518577
"Cxcl5"	3716.52715899811	1.16567129437042	0.277822278715543	4.19574448730201	2.71976724492875e-05	0.00172556933017259
"Tmx1"	1196.57939267326	1.08342310111879	0.258277085802686	4.19480922108006	2.73101351714113e-05	0.00172556933017259
"Serpine2"	3715.42124938158	1.11451097625675	0.265843953550324	4.19235029186312	2.76079267301467e-05	0.00173525214866707
"Ier3"	2452.52637625612	1.14549138931729	0.273487485003878	4.18845999224078	2.80853809109402e-05	0.00174800493505392
"Sdc1"	1109.0399459954	1.1877139586509	0.284028366224994	4.18167373363704	2.89371013463092e-05	0.00179025842186749
"Pcdh19"	234.996126331435	1.2446969546196	0.298531091046789	4.16940476871307	3.05396189293875e-05	0.00186105647333653
"Bag2"	108.264191407126	1.4915274248907	0.360988712069248	4.13178411131201	3.59958421029131e-05	0.00213925784378946
"Rgs2"	109.638599035977	2.04395109115851	0.494941061514426	4.12968583553041	3.63259278277038e-05	0.00214824021463835
"Timp1"	4637.29280265563	1.03107682563064	0.249859295313386	4.12662984716023	3.6811819125486e-05	0.00216630337549735
"Dusp1"	180.641860045871	1.62265994927024	0.39552215027866	4.10257667775881	4.08574385342599e-05	0.00235814206540284
"Aqp1"	406.41391200134	1.49230869235663	0.365251535304159	4.08570135403791	4.39438720509089e-05	0.00247674264775193
"Ppm1h"	42.021831718778	2.27057771890225	0.556565921177404	4.07962045915224	4.51092901401624e-05	0.00250711587098449
"Dio2"	34.7369643087025	2.81685355048529	0.691390815716444	4.07418421890138	4.61759205311451e-05	0.0025312416711251
"Tpm3"	1630.24065135382	1.12748330386917	0.277596554740456	4.06158968695896	4.8739686600337e-05	0.00265746111803689
"Tm4sf1"	155.362062659857	1.53678184884902	0.379197343438295	4.05272314123976	5.06248995232753e-05	0.00273762125575189
"Ccl5"	43.3672026559379	2.60135163407111	0.644958932218925	4.03336011662229	5.4984917326892e-05	0.00292076961287318
"Tapbp"	483.222843933249	1.23519682056523	0.306096814262636	4.03531419802824	5.45292770188114e-05	0.00292076961287318
"Nr4a1"	38.1792261028482	2.38023462026436	0.591324271065341	4.0252611582746	5.69121187535452e-05	0.00300982372527009
"C3"	332.703051059034	2.95722563428793	0.738541125907398	4.0041448343917	6.22422245709353e-05	0.00324877350423512
"Bid"	124.974630358824	1.58026673780564	0.396127613500087	3.98928699729562	6.62721991665656e-05	0.00341458262229451
"Tpi1"	1805.33612823888	1.05518582905408	0.264752615116644	3.98555394283523	6.73228799969866e-05	0.00343919648665457
"Ifngr2"	150.554526897598	1.33745123039408	0.336443810668148	3.97525883367573	7.03027536867117e-05	0.00353883811882619
"Irak3"	150.684323139644	1.33636434133393	0.338804179297641	3.94435612956216	8.00146737740764e-05	0.00390478113275523
"Egln1"	384.119667029905	1.16568019033869	0.296897020583095	3.92621046869831	8.62946537958073e-05	0.00419419967133063
"Galk1"	441.110021686056	1.0172933660255	0.260031994881645	3.91218536968318	9.1464660389443e-05	0.00442755341925509
"Nrbp1"	254.98433754215	1.23506227527968	0.315873916949309	3.90998499403762	9.23018549834587e-05	0.00443233507630569
"Etv4"	21.4902571446204	3.19398783105498	0.819096013027992	3.89940590633277	9.64290015957837e-05	0.00459377049268803
"Gys1"	642.694630543879	1.1075132081154	0.284608655240215	3.89135462932649	9.96861080384973e-05	0.00471154223229197
"Tlr2"	38.1499889027512	2.12216946723161	0.545759970455333	3.88846669252981	0.000100879510809549	0.00473069737214311
"Frmd6"	375.10963996672	1.06858884903542	0.276292568587901	3.86759895315626	0.000109912232666812	0.00507498597371186
"Amotl1"	963.57535081281	1.21813131051572	0.316414042222428	3.84980167744711	0.000118213503037645	0.00537557993926866
"Ube2z"	541.828502920397	1.0213801939091	0.265954909964342	3.840426161134	0.000122820911441404	0.00556401902586437
"Rps16"	1444.48039314266	1.20802867113794	0.317960253484326	3.79930717094327	0.000145101159436493	0.00635494556827817
"Tnfaip3"	26.2123733081428	3.11857474307761	0.821975539086124	3.79399944984355	0.00014824000182145	0.00640151518657015
"Adamts7"	23.5454652560169	3.43699539856242	0.906199090605779	3.79275970831624	0.000148982305670547	0.00641051103790295
"Gch1"	35.9661184103296	2.3162650401636	0.614358106561251	3.77021970643219	0.00016310389564264	0.00696819312167221
"Adtrp"	12.7344017540545	6.23492078953305	1.65800175629437	3.76050312725125	0.000169571954788364	0.00716799759589544
"Plac8"	19.5023363325449	4.33238569919979	1.15400155469818	3.75422865035297	0.000173876090491468	0.0073241490047371
"Serpina3f"	21.1338969937582	4.64772457987265	1.24606562908113	3.72991957357812	0.000191540900778242	0.00798419622862081
"Emd"	1301.45539293443	1.02441645919102	0.274988012078559	3.72531315619084	0.00019507289928804	0.00807534536535488
"Kdm2a"	239.384638729776	1.03308744187308	0.277507199023394	3.7227410514348	0.000197071611488814	0.00813005050145433
"Rdh10"	114.38185390961	1.30035440313698	0.349475818656616	3.72087089783648	0.000198536921026142	0.00814168027249841
"Agbl3"	44.9331727632996	1.8659907106948	0.501522641409939	3.72065098686056	0.000198709897529532	0.00814168027249841
"Axl"	534.879857827656	1.31086979504855	0.353817470366663	3.70493235873876	0.000211447151069431	0.00854687895147651
"Nr4a2"	65.0134715718793	2.1363250831849	0.580027089887507	3.68314708128413	0.000230372148225456	0.00918809846992226
"Ift46"	64.2018006889524	1.53168363264415	0.416630116544187	3.6763632100074	0.000236582620421427	0.00937351273319879
"Ckb"	84.3384492063382	1.51404645066559	0.41203036228929	3.67459922674961	0.000238223051272386	0.00940745963988486
"Sh3bgrl2"	29.8728215738651	2.33576284323268	0.636469509004112	3.66987390627316	0.000242670142502446	0.00942800990531347
"Rffl"	40.0639183306188	2.28179328841293	0.623307252567197	3.66078411411863	0.000251444560134312	0.00964406372016745
"Tjp2"	66.0538125477887	1.83040013079479	0.499917388148125	3.66140521251973	0.000250835664680675	0.00964406372016745
"Ncam1"	354.52369196272	1.16022938646166	0.317392952256015	3.6554982655248	0.000256682944018215	0.00978247219980531
"Scx"	79.4497916994353	1.41743531264032	0.388322670737288	3.65014823870341	0.000262089008445499	0.00992548437346441
"Gopc"	304.018934175557	1.12990286352914	0.31029513154156	3.64138121637854	0.000271179239122247	0.0101734586426955
"Slc43a2"	118.756216848697	1.51556337998877	0.416512773611555	3.6386960400936	0.000274021993348619	0.0102480810908105
"4930524J08Rik"	111.135798599553	1.49493151924703	0.412898602713573	3.62057781116798	0.000293945830966554	0.0108579067715492
"Cxcl16"	75.6000697401158	1.82409018289575	0.504441778770634	3.61605691610478	0.000299124633970051	0.010989283922277
"Nab1"	156.014731832321	1.10265434564939	0.305361708466738	3.61097778495532	0.000305044792806333	0.0111648254196342
"Dcbld2"	506.543859044683	1.11521096620272	0.309151843201647	3.60732433180194	0.000309370855082886	0.0112887450312159
"Map2k3"	1610.90493063984	1.08366525487361	0.300715616943943	3.60362147429018	0.000313813981054298	0.0113816823037971
"Twist2"	125.747922849037	1.19888459462787	0.332933467011847	3.60097350797483	0.000317027882925703	0.0114374398240492
"Pdlim1"	319.282831054258	1.04864057281595	0.292239158496827	3.5882958950805	0.000332846414132894	0.0118923250049565
"Mcpt8"	87.8756971476385	1.73879549751514	0.486140179898561	3.57673685371565	0.000347910085199904	0.0121768529819966
"Hmga2"	71.1414398883001	1.4838397594686	0.4159899705521	3.56700849662133	0.000361079777101944	0.0125388929338393
"Rai14"	103.762217485796	1.32674425280606	0.37212968869043	3.56527386319278	0.000363476446561938	0.0125388929338393
"Car9"	31.9978235331809	2.90541268380725	0.816501432776719	3.55836813895924	0.000373166048959043	0.0127631293953086
"Tnfsf9"	32.5139158509165	2.36912357811135	0.66572037817404	3.55873675462581	0.0003726427929835	0.0127631293953086
"9930021J03Rik"	56.6741699662844	1.74215304153845	0.491006912673571	3.54812324749624	0.000387986624820699	0.0131205054393591
"Itgav"	185.855753849499	1.16526980647051	0.328718765525929	3.54488373855431	0.000392786295144619	0.0132455041382336
"Nfasc"	15.5915615252242	3.80938642791606	1.07544773509455	3.54213998840319	0.000396894782993818	0.0133092789660357
"Car2"	6.57204447940628	6.15990703696598	1.74085328204883	3.53844123481578	0.000402496860925742	0.0134595398758037
"Hsp90aa1"	251.648342460606	1.02816949317247	0.292220913671765	3.51846649253639	0.000434048625658773	0.0142760376740646
"Nrip2"	11.3834098138923	6.13366593636436	1.74494175386426	3.51511213642579	0.000439568336898249	0.0143787953255136
"Dgkz"	106.906416443311	1.74750165006114	0.498930107540851	3.50249789228856	0.000460917430168095	0.0148346213114423
"Npy1r"	21.2271991388443	3.52778161538894	1.00862584695987	3.49761175169381	0.000469443990075429	0.0150686500022875
"Tspo"	291.067018086572	1.18262716492488	0.34015391928779	3.4767412570199	0.000507547366623436	0.0159505396238596
"Coq2"	98.0857465083012	1.35321132222145	0.389417554488628	3.47496230363434	0.000510925143600067	0.0160147685350361
"Hs3st1"	16.3520045929103	2.99411944222544	0.862552807393668	3.47123030214534	0.000518079461406997	0.0161564063337758
"Ikbke"	80.6867792631163	1.66614644520259	0.480567844291452	3.46703689186518	0.00052622966059198	0.0162819254520792
"Slc2a6"	9.82015397711263	5.77114526915458	1.67221317641769	3.45120188654286	0.000558095928865707	0.0169190445101839
"Ccl8"	26.5146908313792	3.50229091507698	1.01853687974989	3.43855091033815	0.000584836557382452	0.0175086355894672
"AA467197"	41.3452080165399	2.75013924203018	0.800249712732386	3.43660134864662	0.000589061921294314	0.017547613809276
"Micall2"	29.7064887421245	2.05024358991498	0.597085758069712	3.43375061656654	0.000595291610216008	0.0176456192114646
"Nfkb2"	82.5819876939288	1.56838460077232	0.457138409642516	3.43087469285026	0.000601638446571732	0.0177898264805262
"Abca1"	83.7824691108705	1.31435755002836	0.383188492841669	3.43005485441715	0.00060345923927117	0.0177998235072491
"Tmcc2"	92.3790243882422	1.28447724285546	0.37716822003803	3.40558184548514	0.000660232199563149	0.0189619319515684
"Ncs1"	171.63632871687	1.22829362084315	0.360615449659653	3.40610370965085	0.000658971415764539	0.0189619319515684
"Atp11c"	270.632038339279	2.6162709068855	0.76944601295605	3.40020074551344	0.000673363975212878	0.0192012696494789
"Slc19a1"	147.14039414685	1.08538876691079	0.319819014668582	3.39375933615311	0.000689402486877601	0.0196120304620038
"Htr2a"	19.8391042198214	3.46294558266248	1.02504411061229	3.37833810936579	0.00072925356939828	0.020599268472062
"Ccl11"	11.02539815327	4.502334498274	1.33683827014327	3.36789767231266	0.000757437031398805	0.0212454008456604
"Rassf6"	7.54982355868488	5.7950971709623	1.7212579942335	3.36678010523514	0.000760513040279645	0.0212819558241425
"Gnptab"	198.431141837976	1.10883673545172	0.329489811774332	3.36531417915638	0.0007645654647959	0.0213186669243262
"Psmb8"	63.3785425634416	1.90517722847646	0.566170868922709	3.36502164461688	0.000765376546804213	0.0213186669243262
"Abhd2"	199.258984612417	1.04826318581499	0.311820542549311	3.36175152940483	0.000774497817013212	0.0215227923454713
"Kcnf1"	8.1447642413074	5.96330588660701	1.77827403239206	3.3534234757876	0.000798184819166328	0.0220280661013604
"Trim47"	94.1743706613179	1.26769149889539	0.379195499506502	3.34310797608412	0.000828456574238772	0.0227588585211361
"Cdh10"	22.8369467889854	2.08129906731993	0.625590531614007	3.32693505119113	0.00087806836556108	0.0237414656048666
"Fabp7"	89.4888283176547	1.75539968700137	0.531196836672805	3.30461246342591	0.000951078092974478	0.0253163913662053
"Irgm2"	68.4859154390239	2.06069649021804	0.62566632922761	3.29360298605486	0.000989120991636472	0.0259833643426605
"Dvl1"	128.293224657546	1.05371227510757	0.320467120057648	3.28805112648692	0.00100883517061841	0.0262144290547055
"Snx18"	230.135592534095	1.01866789556618	0.310654618418075	3.27910108258965	0.00104138327058453	0.0268279102218182
"Gbp6"	9.21450335508229	5.70409224595475	1.74117197388268	3.2760073855514	0.00105285807557021	0.0269918974504951
"Bmp2"	21.7182392431032	2.8987476224962	0.88542822152173	3.27383694356873	0.00106097814795665	0.0270425534314641
"Eif4g1"	1877.49452328759	1.07648124263719	0.328951816959024	3.27245872234014	0.00106616439348205	0.0270598383588838
"Hbegf"	96.7083882777591	1.37501620141236	0.421592668404401	3.26148034456191	0.00110832116051879	0.0278939109686123
"Gnb2"	1434.64425493662	1.08365442278564	0.333166426991057	3.25259190300926	0.00114357608178691	0.02861516868697
"Grk5"	122.066264386791	1.1970120635407	0.368219157737539	3.25081419146015	0.00115075038557445	0.0287209113904808
"Cyc1"	178.690127923908	1.23958257354526	0.381451828256293	3.24964381272384	0.00115549636390352	0.0287795308063522
"Fosl1"	265.490710416349	1.02840133203299	0.317700242075622	3.23701777913094	0.00120785886303088	0.029897619898321
"Ankrd33b"	12.8137454269488	3.14231285031096	0.972436758194268	3.23138016311309	0.00123193969682651	0.0304155434069574
"Dohh"	230.368745361695	1.18595867082916	0.367413965893353	3.2278540853654	0.00124722576078205	0.0306195199553958
"Tmed4"	202.976393809077	1.06344659694877	0.329910817472712	3.2234365793014	0.00126662343098576	0.0309061266036262
"Lrfn4"	172.988398053993	1.42395423239074	0.441627789485907	3.22433113651736	0.00126267300166821	0.0309061266036262
"Fas"	202.439654945923	1.13781044017991	0.353051908930357	3.22278512422476	0.00126950748074391	0.0309136659357619
"Trappc2"	78.6163800057016	1.30462647272868	0.405170697168647	3.21994280890863	0.00128216173106477	0.0310956597604697
"Irgm1"	51.9229293991902	1.9839778016334	0.620097938063192	3.19945879489639	0.00137685867298108	0.0326776260578437
"Foxf1"	16.8072874459851	2.74166938203993	0.857392781177509	3.19768190522275	0.00138537004760592	0.0328034860384794
"Gga1"	173.603806635027	1.0844061097199	0.339932098266417	3.19006682584594	0.00142239899008756	0.0332863545341154
"Slc23a2"	226.121803619846	1.14959705277978	0.36142823262451	3.18070628968851	0.00146916497536121	0.0341147495729427
"Actg2"	78.0385398402138	1.50912731648937	0.47771237540861	3.15907101045592	0.00158272921228199	0.0358503097989533
"Stac2"	16.6483230614487	2.69502346187376	0.85378675275926	3.15655338193525	0.0015964566249428	0.0360931483661738
"Src"	84.3337328981064	1.26942156329752	0.40488130728635	3.13529308578261	0.00171682493346901	0.038091461717677
"Rsl1"	28.9446210684221	2.33281983572296	0.747203679159526	3.12206684842208	0.001795861558393	0.0395583816669872
"Ifit1"	15.4542639318523	4.18465654329433	1.34401956210652	3.1135384195864	0.00184858440451643	0.0399141290939205
"Ezr"	46.9888813987221	1.68135294494537	0.540196228570329	3.11248553029553	0.00185519108043392	0.0399848634122248
"Plaur"	163.265166307954	1.12259439654811	0.360831945071108	3.11112808021164	0.00186374082834093	0.0400254179682161
"Dnajb9"	282.570881740651	1.12025162414261	0.360038378204432	3.11147836441627	0.0018615311440305	0.0400254179682161
"Kat2a"	63.3717285190487	1.30698585893028	0.421615597657246	3.09994664854122	0.00193555503438825	0.0413457974872436
"Eva1b"	211.750597934013	1.24065881664763	0.400800005575719	3.095456086298	0.00196510469276296	0.041683484298159
"Ifi47"	8.61249635919043	5.27415905996173	1.70549437184692	3.09245175300709	0.00198510499526719	0.0417910845586619
"Abhd17a"	123.081460654407	1.21728970520793	0.394041633416101	3.08924134400411	0.00200668354494111	0.0421157971276538
"Pde4b"	68.3615505114887	1.74677498752753	0.566555080937203	3.0831512174209	0.0020482104788097	0.0426148471371065
"Ctla2a"	8.3070044584055	4.6414421926847	1.50599146710774	3.08198438972473	0.00205625620443699	0.0427082279139552
"Mfap3l"	16.4510320615543	3.14581450284557	1.02748655294613	3.06166002253318	0.00220113301594748	0.0452437169299813
"Gdpd1"	13.185870955305	4.82430261329163	1.57622839657635	3.0606621627743	0.00220848130953512	0.0452437169299813
"Phlda1"	46.3233488516132	1.59339488787523	0.521438232852345	3.05576919275582	0.00224483988818507	0.0456767845045115
"Samd9l"	42.4454624740909	1.95760742754461	0.641324312457349	3.05244536893306	0.00226985044459855	0.0457975707351355
"Fez1"	20.2284535365317	2.3515716153209	0.770379938144455	3.05248293586788	0.00226956634652829	0.0457975707351355
"Usmg5"	1336.94037257673	1.05859466062117	0.347476583970241	3.04652085768124	0.00231506416680148	0.0463979053797192
"Zdhhc21"	67.4773963330609	1.2734901159067	0.418330884270685	3.04421730211694	0.00233286567468297	0.0466767540409484
"Gpx4"	41.2345359554268	1.68725645530792	0.554784728133316	3.04128136508919	0.00235573580716829	0.0470559207405247
"Fibin"	129.694543322285	1.09749445635209	0.361213040340746	3.03835779382933	0.00237871343929332	0.047338848638137
"Vcan"	500.531323696529	1.08914942985136	0.35990666579386	3.02619966053973	0.00247648713793521	0.048738078837561
"Ppp1r3e"	13.7185997169641	2.77760951340619	0.918459143816835	3.02420584748418	0.00249286758446625	0.0489001231233944
"Hoxd9"	14.2325365402348	3.47081944686416	1.14970116160864	3.01888835356821	0.00253704007406348	0.0495238472994017
"Vegfc"	164.853649928226	1.21694593360576	0.403395311807053	3.01675775098703	0.0025549390287551	0.0497115770505753
"Per1"	52.3663375099038	1.48660823839543	0.493171218110525	3.0143856409363	0.00257500267179065	0.0498620384176667
"Tgm2"	112.307688604893	1.15122682843789	0.385221018583663	2.98848394272615	0.00280365231996835	0.0525181903330416
"Fgf9"	16.0855318041575	2.54686480432325	0.852179319860298	2.98864892044173	0.00280213907791247	0.0525181903330416
"Isg15"	48.2451746578338	1.62343730965735	0.54447706109441	2.98164500519858	0.00286704236133625	0.053061081090959
"Esrra"	60.9251270051071	1.25878022434859	0.422288158162119	2.98085608137118	0.00287443844942641	0.0530886670544062
"Bcl2l1"	122.902548313308	1.07661824078521	0.361538757313593	2.97787780426365	0.0029025167801145	0.0533609708197161
"Cp"	18.5815150949736	3.22502543801645	1.09042930063664	2.95757408218354	0.00310070230990842	0.0558917886343102
"Brinp3"	6.4084897861918	4.87080550376272	1.64848321652176	2.95471949907985	0.00312953444131854	0.0561691025917967
"Tmem35a"	27.9874123533942	1.87648490676541	0.635093034053934	2.95466145296447	0.00313012325147122	0.0561691025917967
"Mllt11"	84.4180237639395	1.08569756323677	0.368084200333708	2.94959023574624	0.00318195638375681	0.0567920776225642
"Rnf126"	115.165485008344	1.40454254011212	0.476252204433762	2.949157037041	0.0031864201944214	0.0567920776225642
"Irf2bp2"	108.539803021011	1.14853164787596	0.389470588256146	2.94895605087538	0.00318849315431972	0.0567920776225642
"Phgdh"	210.794880112674	1.02745853502279	0.350321376399332	2.93290276940334	0.00335809039306787	0.0590247074213466
"Paqr8"	23.6198956634423	1.95972893415428	0.669019041793712	2.92925733309479	0.00339773001037349	0.0596341356352833
"Ret"	21.6998489696426	2.07165625564793	0.708382457226419	2.92448836714455	0.00345022975239501	0.0602035002579973
"Hlf"	11.4643699563292	3.09497860498278	1.06056483837956	2.91823610681986	0.00352017694658042	0.0610948510506839
"Wdcp"	34.8227887920162	1.5528441280805	0.532924659696221	2.91381548935201	0.00357040864113778	0.061320108350299
"Spp1"	1336.79890579148	1.01984059755137	0.350646584466115	2.90845724079745	0.00363216843448437	0.0619986370924275
"Prdm1"	16.6901315459366	2.48175634897954	0.853518889333523	2.90767595186726	0.00364125437484195	0.0619986370924275
"Rnf213"	26.1504506258576	2.21716427794057	0.762176431981665	2.90899086472135	0.0036259745510837	0.0619986370924275
"Ptgs1"	25.6332642489515	1.89914339550016	0.655298515356931	2.89813474469071	0.00375389274043267	0.0633832381840987
"Crem"	34.845950416908	1.73522092225918	0.599327537342166	2.8952798163661	0.00378820685041741	0.0638727854484002
"Cend1"	18.8404198779904	2.40238928717961	0.832370791095558	2.88620085288866	0.00389923229238512	0.0651953811561049
"Ces2g"	23.4514133055562	1.9138170926864	0.664580329987787	2.87973779290394	0.00398006029567153	0.0660018849686043
"Pgp"	159.054897180239	1.1533310471736	0.400502206378454	2.87971209348035	0.00398038471101378	0.0660018849686043
"Ptrh1"	71.7764289632745	1.19010343522352	0.413938561504421	2.87507264580085	0.00403934548381407	0.0668859897009488
"Ifi204"	54.8685991825727	1.47147936915928	0.512170848498272	2.87302444774781	0.00406562653201933	0.067182458748487
"Pnp2"	9.79399304731724	3.66167058850707	1.27577291252406	2.87015859371289	0.00410265969741786	0.0674690817363033
"Tmem259"	196.694232424349	1.34436370599908	0.468828046636199	2.8674984690971	0.00413730805958277	0.0677604137179962
"Mtx1"	110.632924508447	1.03446379397704	0.361112187457674	2.86466042938052	0.00417456634010592	0.0682774780830675
"Cpeb2"	30.5532564214449	1.71828120492925	0.600822989493317	2.8598792572473	0.00423802331920336	0.068939661174846
"Gbp5"	12.7423172164316	3.80218797341578	1.33177600742543	2.85497557563461	0.00430401387629217	0.0696356962060479
"Mgst1"	190.604843076048	1.11773675790142	0.391602372846006	2.854264517802	0.00431365979369448	0.0696978274876208
"Txnip"	269.574581695	1.08249900627833	0.380709651426749	2.8433715883523	0.00446389931974288	0.0716228889333862
"Eif3j1"	233.133774751091	1.05423245859286	0.372879372377815	2.82727481509668	0.00469460203212481	0.0740587350797087
"Tmem63b"	103.167644877483	1.07749984946044	0.381860388347722	2.82171150069452	0.00477681279029663	0.0750597350098313
"Fbxo34"	41.5891844651948	1.4383603179415	0.512023071045365	2.809170912953	0.00496692702438569	0.0770387066250003
"Pcdh7"	55.9408789547867	1.36477107566453	0.48779339971949	2.79784654005027	0.005144454836907	0.0788626797260167
"Filip1l"	74.0836631053863	1.33603550198686	0.477483850622935	2.79807474167732	0.00514082151863376	0.0788626797260167
"Mthfd1l"	162.36423043719	1.00058014190766	0.358975054663453	2.78732499350331	0.00531451509936834	0.0806583486320062
"Kdm5b"	128.309180198115	1.01939071631709	0.366016687098847	2.78509355515203	0.00535122808951585	0.0810107102328346
"B4galnt1"	45.6148519486688	1.43957674147412	0.518501709716323	2.77641657587151	0.00549617378214004	0.0827980141249069
"Ssbp4"	349.007864031405	1.10954660973249	0.39963860549906	2.77637494092171	0.00549687773907129	0.0827980141249069
"Celf4"	62.6768418628856	1.37202784725367	0.494555736912223	2.77426333343128	0.0055326873570591	0.0830248896518681
"Rbl1"	47.3492572106903	1.23886050213236	0.447024037509877	2.77135097484548	0.00558242190377443	0.0832167983224212
"Zfp697"	24.8388182441018	1.98561607816099	0.716552791234643	2.77106739719723	0.00558728606587435	0.0832167983224212
"Bmpr1b"	40.644056264321	1.54897554436719	0.561276633280177	2.75973638046317	0.0057848020460431	0.0852744840843811
"Clcn3"	87.8164950666881	1.01494974367358	0.368034176835809	2.75775948962039	0.00581990008460054	0.0856224271024871
"Dock5"	51.8307228308589	1.30547995145041	0.47381788528402	2.75523569708195	0.00586498685806401	0.0858648380866566
"Ncald"	5.64927570933445	4.52471596694306	1.64575480277203	2.74932569500745	0.00597180151589812	0.0870129366230381
"Tubgcp3"	94.2515095256537	1.01972019147389	0.371037800335977	2.7482919275355	0.00599066445582278	0.0870514821173468
"Nhlrc1"	17.9750244526237	2.19379381421964	0.803570465370812	2.73005779674506	0.0063323222747381	0.0901264542497422
"Dmxl2"	18.800606586223	2.32544365354374	0.856882765892461	2.71384108317518	0.00665080625839113	0.093001235799747
"Gdf9"	6.56326915047053	4.93863294763503	1.82017857001598	2.71326837321883	0.00666231260206434	0.093001235799747
"Nfkb1"	66.6367468375296	1.21529102900035	0.448929898532019	2.70708418613751	0.0067877042304928	0.0942099159425159
"Cck"	13.2417074881245	3.67333382715093	1.35848658863423	2.70398976175684	0.00685124000938587	0.0947683863286169
"Chst11"	87.1478899687241	1.25654783129274	0.464863147360184	2.7030489261803	0.00687066322147109	0.0949163544001846
"Cxcl2"	15.7075826340566	2.96664136566847	1.10337303013464	2.6887020841052	0.00717304039688212	0.0976508773598434
"Sik1"	14.1273134436221	2.27315075404602	0.845330528648884	2.68906738489531	0.00716519537464321	0.0976508773598434
"Serpinb9"	20.428746884825	2.43456640335934	0.905651511639528	2.68819338572291	0.00718397779978905	0.0976711817513788
"Bcr"	67.1112764486738	1.26489179206386	0.470620443070936	2.68771110708679	0.00719436097884693	0.0976798182276771
"Shox2"	46.6341330464808	1.65624947846381	0.618722156384444	2.67688729322746	0.00743096273154462	0.0993565509946264
"Tmem38b"	21.5570695054014	1.89124832573801	0.70638780955992	2.67735130779827	0.00742067820197669	0.0993565509946264
"Cd38"	5.10386940729584	4.80939397705712	1.79591390942557	2.67796465733451	0.00740710336865207	0.0993565509946264
"Tmem151b"	12.7204966680417	2.39751639944615	0.895652847588008	2.6768366849976	0.00743208519726568	0.0993565509946264
"Znfx1"	68.8020313510836	1.37796915660316	0.515066932242192	2.67532056582351	0.00746578257447693	0.099694086403352
"Pfdn4"	88.8782506906242	1.00111764319204	0.375618225687597	2.66525310735234	0.00769303972753886	0.101848498546055
"Sipa1l2"	40.3509019023591	1.3213333130761	0.495775272101261	2.66518599742953	0.00769457520737842	0.101848498546055
"Get4"	58.8094896011761	1.20154656537523	0.451270929582874	2.66258357587063	0.00775433104870168	0.102004874324929
"Ddx58"	75.1069762541631	1.089292977185	0.411823240371851	2.64504979418218	0.00816788965356116	0.104903092419884
"Gprc5b"	28.037120094656	1.61894009916613	0.61193713087111	2.64559873472872	0.00815464851379116	0.104903092419884
"Hpcal1"	77.2165106272117	1.04415112679706	0.394771569689776	2.64495016096925	0.00817029499480148	0.104903092419884
"Klf13"	188.539768673573	1.00067261736852	0.38013729485687	2.63239790177729	0.00847845015183217	0.107080304671525
"Hoxc6"	11.6286797544025	2.59011311058459	0.983855174283107	2.63261624097458	0.00847300235256392	0.107080304671525
"E130309D02Rik"	106.006797550639	1.0089797254348	0.383583449702496	2.63040474300273	0.00852832661200368	0.107504016398246
"Tcea2"	13.4684928773902	2.95716335100977	1.1262816843859	2.62559836673732	0.0086496812255971	0.108253138485153
"Gbp7"	20.1303503963761	2.021697636781	0.770242407144759	2.62475503559368	0.00867113267388517	0.108253138485153
"Wdhd1"	89.4880909430267	1.12457192643115	0.429037748908052	2.621149139658	0.0087633915550053	0.109246641347704
"Prepl"	50.2559165027895	1.23314002108353	0.471806792912342	2.61365465611819	0.00895795309095764	0.110866213254584
"Sh3bp4"	87.2213975440786	1.10540596514334	0.423776516380573	2.60846442031401	0.0090949466116756	0.11180429330674
"Mcc"	96.1214786189958	1.00681135154486	0.386152365879728	2.60729038717956	0.00912619278539092	0.11180429330674
"Lrp8"	44.3817848232988	1.29554765109838	0.497708116252989	2.60302697261991	0.00924046835564426	0.11227917268169
"Dcaf15"	76.457138638518	1.0669454541349	0.409987811491507	2.60238334952794	0.00925783037392931	0.112376393972721
"Ifit3"	24.2722362574434	2.18610125242059	0.843125734542506	2.5928531924207	0.00951833914721002	0.114611495950107
"Gsap"	18.5115460319046	2.53269572512901	0.978998176944224	2.58702803005659	0.00968077167211099	0.115470940128133
"Gpn2"	62.2381340593301	1.29338065736744	0.501724949634836	2.5778679300457	0.00994119853313407	0.11781252555802
"Thg1l"	29.1428551835458	2.04513129722928	0.795011213925344	2.57245591182482	0.0100979816480403	0.119317194571579
"Tmem200a"	9.45806925597048	3.33142935594701	1.30005812656362	2.56252338866787	0.0103914588326909	0.121469779246791
"Rcan1"	79.9432398360405	1.02109979239893	0.399468724881544	2.55614452095522	0.0105839150715242	0.122526422790403
"Spns2"	10.1094764156971	3.0975236662772	1.21238210398518	2.55490711723262	0.0106216136951685	0.122707078473659
"Cdk2ap2"	94.5235138660891	1.05537273788391	0.416254459535728	2.53540283763213	0.0112318081768893	0.1279296557529
"Parp8"	30.0841468276934	1.48092044217741	0.58442288024124	2.53398778905801	0.0112772661427482	0.128151698325912
"Lyplal1"	26.4487115286794	1.62648877589978	0.643724046489305	2.52668637247623	0.0115144276649885	0.130160738341042
"Klhl2"	93.7586039394941	1.01416092405322	0.401997112350161	2.52280649013676	0.0116422447034527	0.131111770792636
"Rbm47"	11.6448668749954	2.48120270594062	0.984273247261631	2.52084745048556	0.0117072594119316	0.131606909072002
"Scly"	18.4812894748047	1.90759327742561	0.757699976814591	2.51761031516093	0.0118153963055928	0.132147391884825
"Dusp6"	140.89738689615	1.13484629834604	0.450889684129839	2.51690455179998	0.011839089699316	0.132161834897488
"Eno1"	55.9319982052878	1.47557196277466	0.586870945766421	2.51430399378119	0.0119267578826496	0.132944037494158
"Hspa1b"	73.4998294145687	1.1041077454611	0.439569635231457	2.51179257384266	0.0120119669447277	0.133398393313095
"Pcbp4"	307.277852733596	1.04879382305866	0.417629557687876	2.51130171165349	0.0120286841357106	0.133417900922325
"P2rx7"	37.0162497130035	1.43207792329914	0.57047756474459	2.51031418551982	0.0120623785995616	0.133444574753844
"Fgf2"	136.497357449554	1.12241865817143	0.447935386204487	2.50576018939265	0.0122188461038553	0.13452614063903
"Tufm"	47.597709075043	1.1859924160336	0.473433306514078	2.50508867820506	0.0122420695789866	0.13452614063903
"Ak3"	109.951782674098	1.02201310756648	0.408215914027422	2.50360917457477	0.0122933746337735	0.134778047925526
"Hpse"	10.6366476408147	2.68772350938688	1.0739123044927	2.50274021271832	0.0123235965169435	0.134986109658674
"Ppt2"	118.414223737135	1.05933735319517	0.423560781782131	2.50102794866422	0.0123833405365336	0.13527024853602
"C1qtnf7"	11.7973484053255	3.19124440103142	1.27932938377067	2.49446658656867	0.0126146602593654	0.13680409958327
"Mettl8"	70.8871147998779	1.06879258424034	0.431477912649598	2.47705051152481	0.0132473152461253	0.140987605966077
"Larp4"	69.3211049243833	1.06304333126791	0.430452906791689	2.4695926418319	0.0135266988562897	0.142330091620374
"Exoc2"	75.6260876719426	1.02349426150899	0.415373325551542	2.46403463715435	0.013738283447839	0.143166747214677
"Zc3hav1l"	24.2859449816545	1.75783266104714	0.714272298619806	2.46101194802573	0.0138545752125206	0.144128401582591
"Samd4"	139.074646432649	1.00574499860411	0.409548556899752	2.45574055056502	0.0140594621647657	0.145389647676528
"Fam171b"	65.336797950875	1.55012914033206	0.632515071223354	2.45073866356092	0.014256341713694	0.147160259907908
"Fgf10"	21.8132007557884	1.83614738587951	0.751630674284154	2.44288511459201	0.0145703747085394	0.149629895958952
"Fgf13"	4.54824827502846	4.22403849491568	1.73240328596305	2.43825356898207	0.0147584175162951	0.15043280371518
"Bach2"	21.9557845604356	1.71135761799901	0.701899019817762	2.43818208841969	0.0147613363412313	0.15043280371518
"Zfp14"	3.34299276196172	4.95476663993482	2.03506089962639	2.43470190049077	0.0149040625136229	0.151197357598303
"Abcb7"	24.9746759025752	1.47627696587314	0.608922869857943	2.42440716049562	0.0153334033322402	0.154407793050827
"Pitpnc1"	70.9857128378161	1.0887987172668	0.450324678548727	2.41780823732712	0.0156143031209976	0.156208090806314
"Maff"	23.9090849676303	1.74957493365924	0.723912933022688	2.41683060745152	0.0156563011795974	0.156450998513202
"Btg2"	80.0443565510702	1.08625547200805	0.450139929791797	2.41315066741686	0.0158152803548767	0.156678552186469
"Dnmt3a"	55.2599096349144	1.12339365026352	0.465149305749794	2.41512485642148	0.0157298166461011	0.156678552186469
"Skp2"	27.6311099390549	1.61286183252527	0.668193487150608	2.41376467077377	0.015788656166014	0.156678552186469
"Gpr137c"	4.69185562452972	4.49723221746972	1.87077602700494	2.40393940939561	0.0162194613285914	0.159471444102981
"Enoph1"	41.2156315039748	1.12779399168585	0.470576592838469	2.39662152527203	0.0165470054020349	0.16110851569459
"Ndufa4l2"	260.271029414854	2.32096766370677	0.968321804401332	2.39689703687062	0.0165345692108634	0.16110851569459
"Cdkn1a"	679.538317169181	1.41802733198813	0.592393842459645	2.39372395584063	0.016678295795432	0.161801404276356
"Nebl"	5.08952096529702	4.28118422954904	1.79244029806137	2.38846684834043	0.0169188346702675	0.163403548042286
"Fam217b"	36.2930049953504	1.42035287691025	0.594621552170081	2.38866699622078	0.0169096214523862	0.163403548042286
"Otub2"	24.2264433936989	1.73752873433205	0.727816411751884	2.3873173320587	0.0169718346270066	0.163783661332166
"Ifih1"	6.28833099709019	4.25103924028163	1.78426569387121	2.3825146977177	0.0171948455653121	0.165007290976476
"Dlgap1"	8.77224515800831	2.72958339739586	1.14555087039697	2.3827692579466	0.0171829608312278	0.165007290976476
"Reep1"	11.7184823272498	2.09117863400646	0.880184213385908	2.37584201375537	0.0175089576627355	0.166068426497985
"Dpf1"	33.7826221131604	1.42491258703456	0.601035353118428	2.37076334967903	0.0177513928353792	0.167404140603871
"Sgtb"	3.97979299582402	4.65779360854548	1.96501634104759	2.37035871470785	0.0177708344184644	0.167455939712453
"Lrrtm2"	3.20337794973911	4.93509922357134	2.08334236320076	2.36883735997633	0.0178440983301701	0.167882758976248
"H2-Ab1"	15.9159717629375	2.72373878919257	1.15123480166099	2.36592811932265	0.0179849358853815	0.168679027581254
"Aar2"	55.1485598900446	1.03257130164826	0.437204183495868	2.36175988388734	0.0181884185479066	0.169316396826718
"Plxnb3"	8.93951284853463	3.25352994392907	1.37782779742266	2.3613472960954	0.0182086692611068	0.169322288520207
"Camta2"	89.3416906520882	1.01616721952157	0.431964144087398	2.35243418563919	0.0186509900118507	0.172102332891828
"Hip1r"	49.689534107492	1.04877849595439	0.446270273168821	2.35009714742447	0.0187685118587134	0.172655927098739
"Xlr3b"	5.66876549092324	3.43997028082248	1.46654830996854	2.34562356892034	0.0189952809332616	0.174075074506721
"Btbd19"	18.1248362707286	2.166158768159	0.925258700514593	2.34113850207976	0.0192250336878429	0.174713496913365
"Tubb3"	118.146881242651	1.11364183900877	0.477829544495339	2.33062574685488	0.0197731026381494	0.177766999281232
"Bbs12"	7.35699136370855	2.763224000553	1.18904524880187	2.32390146913024	0.0201307755139623	0.179413481844927
"S1pr3"	38.5838651120413	1.21338369218319	0.522463065243185	2.32242960871964	0.0202098145967268	0.179755620351458
"Cox19"	64.5085177210201	1.04462280753668	0.450291738303995	2.31988002149719	0.0203473686217819	0.180545125815347
"Adarb1"	32.3557171158753	1.34614267998857	0.580266769409186	2.31986863793558	0.0203479846087601	0.180545125815347
"Rab11fip1"	4.3828344259422	4.03770002396004	1.74342742146382	2.31595532699027	0.0205607079687182	0.181760897764699
"Fam131b"	15.4285481699768	1.7963674274217	0.776537451209221	2.31330430312717	0.0207059142761094	0.182641073390664
"Hdhd2"	57.9479774155073	1.09897197046695	0.476584575186233	2.30593272985704	0.021114391454961	0.184213858587796
"Immp2l"	11.7982304550819	2.35066333059135	1.02009529501949	2.30435660478802	0.0212026338706566	0.18429966507124
"Arl15"	84.5739267422038	1.02903038562703	0.447591840856636	2.29903740795989	0.0215028152105292	0.185944889026599
"Mcrip2"	16.7734169259908	1.92047159116117	0.835409817779105	2.29883770849934	0.0215141566728818	0.185944889026599
"Cdc45"	42.900484732286	1.10002819037402	0.479558819841389	2.29383371728592	0.0218000518894867	0.187471833529795
"Hspa1a"	43.9755376958041	1.08367492863291	0.473604741943672	2.28814205741588	0.02212924970523	0.188948536779009
"Prkd1"	44.30355510735	1.21501530930907	0.533680376912746	2.27667225903589	0.0228058042923394	0.193213606584005
"Ispd"	13.1405640426043	2.29844430613834	1.01339118853508	2.26807212470525	0.0233248110437077	0.195951264226529
"Ly75"	26.3410793008213	1.44338254667622	0.637412723421035	2.26443949679808	0.0235470970408649	0.197404259759485
"Car6"	52.3830352483788	1.41417271916892	0.624905322978687	2.26301916013149	0.0236345082013994	0.197860718938493
"Fbxl15"	31.8573930349314	1.425753170529	0.630002084346731	2.26309278326818	0.0236299703355859	0.197860718938493
"Tma16"	27.7427309817069	1.332817445523	0.594305330746324	2.24264763677831	0.0249195457820353	0.205043966493032
"Donson"	32.659742724356	1.32709467319293	0.594288973830815	2.23307975013976	0.0255436857233638	0.208181905708745
"Hp"	311.076289438351	1.58255270369074	0.713321034167902	2.21857007979137	0.0265159869737894	0.213068556640122
"Zfp428"	51.0719681894328	1.01348850250735	0.457146346315361	2.21698917792116	0.0266238310646989	0.213363879794199
"Nubp2"	52.2325466861099	1.08764549576276	0.490871484421116	2.21574389688865	0.0267090467143586	0.213761403870583
"Llgl2"	6.58031711940357	3.00234812613446	1.3556859590013	2.21463393214326	0.0267852010046167	0.214085444780575
"Pde4d"	13.7689836371749	1.75257553201389	0.79203115325566	2.21276085518845	0.0269141373621499	0.214610231805463
"Ttc30a1"	30.7169189567914	1.35840628584365	0.615377422026729	2.20743601767151	0.02728361239355	0.215770597354788
"Tmem68"	38.0079320148414	1.15293540806724	0.522263249289242	2.20757522118643	0.0272738980343678	0.215770597354788
"Epha4"	20.2442530170675	1.49968853775005	0.679777250474048	2.20614699403993	0.0273737092141167	0.216056133540743
"Cenpv"	22.8519444596359	1.45338284197542	0.658720930118635	2.20637112853491	0.0273580248323015	0.216056133540743
"Asb7"	39.4426453169422	1.3166560058168	0.598181855428362	2.20109652920504	0.0277291909513432	0.216650622978819
"Tpd52l1"	7.64601556834122	3.68534211572937	1.67375466359992	2.20184128288128	0.0276765218173148	0.216650622978819
"Apol9a"	5.60234219296468	3.37572242956242	1.5355478154625	2.1983831409025	0.027921814080856	0.217016076489932
"Kcnq5"	4.77592567822776	3.72080868981036	1.69438731850607	2.19596112953146	0.0280947256851386	0.217879316440626
"Samd10"	5.29670689209708	3.69445897696735	1.68661807352308	2.19045380514049	0.0284913415263681	0.21953694160722
"Slc25a13"	43.9559178591655	1.32345041436893	0.605640167679134	2.18520911425097	0.0288735175601947	0.221745925793692
"Lamc2"	9.10296756607824	2.71116403192731	1.24125217802126	2.18421693829316	0.0289463108491965	0.221903232276248
"Cxcl10"	9.59565229348001	2.89009491790419	1.32359843272234	2.18351340289812	0.0289980230306326	0.222016113828281
"Tnfsf11"	49.6077504975962	1.31288711363168	0.601761091125324	2.18174144688637	0.0291286201563895	0.222448527339349
"Rnf157"	67.8300257598712	1.02139892212177	0.468751443420492	2.17897765747363	0.0293333280280236	0.223255877731072
"Zcchc3"	37.2140661847478	1.13312520062415	0.520273957524185	2.17793949560021	0.0294105415757032	0.223605795830473
"Lsm1"	50.3735888606652	1.08068090739488	0.496550343569895	2.17637732284192	0.0295270580395052	0.224349577065987
"Nepn"	3.74443415706503	3.88193876938211	1.78770245741763	2.17146805010809	0.02989580975359	0.226149461935632
"Itpripl1"	29.8639112195461	1.20700969181397	0.556314420151871	2.16965379305548	0.0300330829568824	0.22704481164822
"Lrrc51"	8.2366110296117	2.55385151083244	1.17728427101418	2.16927344882677	0.0300619297599934	0.22711986580788
"1600014C10Rik"	88.9390951452007	1.03305464508966	0.477166393388881	2.16497779265804	0.0303893859774979	0.228157960387656
"Dock9"	8.8689690789877	2.53335440456992	1.1732598217314	2.15924414835189	0.0308312306358513	0.230753693131793
"Tpd52"	51.7816130493323	1.04937898481043	0.486668221504945	2.15625129901721	0.0310640478273099	0.231600012047209
"Asb16"	3.52812206090658	4.40309476019691	2.04431388291621	2.15382520120438	0.0312538825890301	0.232323752620004
"Pibf1"	27.5737446574056	1.34393037804128	0.625457233405899	2.14871666080664	0.0316568671653222	0.233440227469099
"Trpm6"	10.7473193160022	2.12245360116462	0.988790654901752	2.14651462434737	0.0318319432725002	0.234155930751449
"Por"	69.97792295108	1.02495442414029	0.478695609442561	2.1411402233955	0.0322627318194767	0.236744557147199
"Itgb3"	21.2068817926761	1.46934335061781	0.688039038786879	2.13555229832379	0.0327159230782456	0.238466701004455
"Zfp146"	61.8416503884521	1.05141253033581	0.492584015628126	2.13448365553455	0.0328032101739876	0.23852364514762
"Schip1"	34.6774415243385	1.23463538887949	0.578890011586518	2.13276333011141	0.0329441457998925	0.239169433126822
"Acss3"	3.58306869328983	4.58206293869939	2.15049795614284	2.13069857872259	0.033113982256023	0.239704064632128
"Sf3a2"	439.128982409476	1.36528588239781	0.643283398039527	2.1223707724444	0.033806614586312	0.242417744716231
"1700088E04Rik"	4.01224757612188	4.0189853500993	1.89963657974576	2.11566011780905	0.0343737248505096	0.244464790776284
"Parp10"	17.9177646794223	1.70042437979794	0.80518506554815	2.11184291978929	0.0346999246061225	0.246492659702071
"Lrig1"	34.6003352564821	1.28713395808767	0.609983846409513	2.11011154748441	0.0348487488817028	0.247111181526782
"Fsd1"	12.3333367293368	2.14228942937497	1.01828960411633	2.10381154900826	0.0353948889742875	0.249803434530465
"Car11"	10.8584552582182	1.9218261069462	0.914943622162118	2.1004858227272	0.03568612645926	0.251709353040358
"Ankrd26"	13.8848449394598	1.6457590042748	0.784663960837461	2.09740613359928	0.0359576385908495	0.251850321635442
"Dcbld1"	41.4827954021189	1.12000886238719	0.53486015197558	2.09402188263658	0.0362580309679375	0.253089527691573
"Bphl"	27.7261694243357	1.331373551097	0.636818036934066	2.09066558087274	0.0365580524467613	0.253779180906688
"Rrm2b"	23.7826810379636	1.39222675638859	0.667634117333856	2.08531397698538	0.037040809525747	0.255560297906088
"Hoxc11"	31.6084663355551	1.3342727195123	0.639819950988991	2.08538779925489	0.0370341134280349	0.255560297906088
"Pknox1"	41.3642180658256	1.10572330497305	0.530423463008802	2.08460481499232	0.0371051870685155	0.255857421457512
"Zfp335"	43.5899138789119	1.03531840593875	0.497155811154607	2.08248276035294	0.0372983959680423	0.256084737519259
"Hmga1b"	33.298271030438	1.12701607924657	0.541138751515516	2.08267487052118	0.0372808695316571	0.256084737519259
"Rtp4"	35.8369872053207	1.4330416206226	0.688333056955163	2.08190149542092	0.0373514681712805	0.256084737519259
"Nubpl"	17.8978026267889	1.58596420717289	0.762288475266785	2.08053021740599	0.0374769269978339	0.256651744785508
"Rgs16"	42.6929553568253	1.07855826789687	0.518699542329554	2.07935072210188	0.037585126263426	0.257099396462923
"Amz1"	17.4518633908368	1.61587823085476	0.77953866633044	2.07286476046308	0.0381848674132951	0.259869236562702
"Ccdc22"	34.5195674395167	1.16834373580979	0.563895529871023	2.07191522883152	0.0382733474957594	0.260087284056152
"Mok"	3.16835847047935	4.37628551143857	2.11252354280666	2.07159135638523	0.0383035666981489	0.260087284056152
"Nup54"	15.8391427035804	1.4820485524918	0.717970972373688	2.06421792735156	0.0389970584950958	0.263011060243609
"Tpk1"	7.25968624579746	3.27049424247198	1.58505372474836	2.06333336934128	0.0390809657337649	0.263428968912884
"Marcksl1"	63.590684683524	1.01969845094223	0.49516300008912	2.0593187511157	0.039463713347809	0.265115768741156
"Grik5"	14.200895129143	1.70873017477413	0.829933325312184	2.05887644544384	0.0395060760547745	0.265239265085003
"Thsd1"	35.4946835438494	1.10087625157203	0.535032805500403	2.05758645125024	0.0396298483465181	0.26563725817976
"Ppie"	31.5240438833753	1.27184555881778	0.618886414751943	2.05505489941567	0.0398737024028575	0.266349232935622
"Itgb8"	28.5482060628606	1.30303445567143	0.63478614037266	2.0527140918774	0.0401003145315998	0.267040591241748
"P2ry2"	6.38349358026295	2.93028629371435	1.42951985033326	2.04983952690914	0.0403800929994552	0.2678478538952
"Dynlt1c"	46.841893606641	1.03154745067759	0.503497857346085	2.04876234452084	0.0404853595437622	0.268078732114101
"Foxp4"	36.7621433668747	1.23061684354651	0.600749124248477	2.04847047440308	0.040513922280678	0.2681199762842
"Abcd1"	14.7578788540074	1.71022457001984	0.837862957437334	2.04117457973161	0.0412334774601232	0.269821254102491
"H1fx"	44.7333413086534	1.24281595438926	0.608901466485774	2.04107893114804	0.0412429821972571	0.269821254102491
"Angptl6"	19.0475873290982	1.79543152959136	0.881458980331386	2.03688608279464	0.0416614591043483	0.271375917822952
"Gm7030"	4.94049729092554	3.5230372627411	1.72952989660154	2.03699124812109	0.0416509190496277	0.271375917822952
"Neto2"	46.3998685476609	1.15247612513359	0.566003801038416	2.03616322543983	0.0417339676400617	0.271700803426757
"Cep131"	23.5627653056483	1.33384384058511	0.655779449216355	2.03398237346265	0.0419533726791228	0.272533109506315
"Plau"	79.4220337032959	1.02053463693274	0.504067983128258	2.02459721920697	0.0429087400395104	0.274697926212258
"Greb1l"	5.32526533645734	3.10386422452975	1.5324231682163	2.0254615623846	0.0428199915318284	0.274697926212258
"Tmem154"	28.0116832754477	1.25192403276302	0.619346822126476	2.02136184127763	0.0432423217790843	0.275253263376578
"Oas1b"	10.0918359124187	2.44953539192352	1.21185621362446	2.02130860442375	0.0432478290075989	0.275253263376578
"Lrrc32"	407.973528341953	1.27229250565866	0.629045903653467	2.02257497945579	0.0431169859800938	0.275253263376578
"Ifitm1"	4.20922920220502	3.99469610878317	1.97667612106918	2.02091585273083	0.0432884765726763	0.275253263376578
"Oasl2"	7.39238974336974	3.17805731308958	1.57410008409693	2.01896775509853	0.0434905710486724	0.276245664253604
"Gm4070"	5.37717736586456	3.61059553786785	1.78889682784561	2.01833637449966	0.0435562408692195	0.276516484206758
"Trim46"	45.0392635393237	1.15055381361282	0.570459071226477	2.01689108236836	0.0437068808991666	0.277033318476502
"Nod1"	46.5216121458496	1.00654334630074	0.499169579449761	2.01643567184174	0.0437544385346474	0.277188408764349
"Tyw1"	29.3410013868332	1.30049411021397	0.645473079670757	2.01479217518619	0.0439264292690936	0.278131214860479
"Smpd4"	45.3313095653196	1.0265827675209	0.509746607358238	2.01390799409369	0.0440191940927614	0.278571652653453
"Fam45a"	37.5199677159753	1.03411427931998	0.514750525233744	2.00896206730512	0.0445411567024341	0.28039674159031
"Cdh3"	29.6004197240556	1.07157701525274	0.534811309172957	2.00365436720075	0.0451070976626681	0.282183797519714
"Gm14326"	18.994135801638	1.54160169007959	0.772079280458981	1.99668833123348	0.045859050507378	0.284368750692703
"Rnf128"	28.5991662069704	1.15002895816331	0.576390166389845	1.99522654136587	0.0460181775303404	0.284913987236584
"Alg13"	20.9630809771953	1.39703856226635	0.700360893153268	1.99474096272909	0.0460711392740701	0.285094859270727
"Khk"	6.57905995929256	2.86454154575384	1.43881455431858	1.99090392653866	0.0464914504551911	0.286250602387829
"Qtrt2"	36.8922926322134	1.06240436086992	0.533889241564757	1.98993401282288	0.0465982049802751	0.28658373503494
"Stard9"	17.1607603316761	1.71914106454756	0.864326312100579	1.98899540657222	0.0467017099784678	0.287031075118771
"Icam5"	13.5802178470802	1.7167034241125	0.86359031838683	1.98786784377026	0.0468263079604012	0.287235423566397
"Slc16a9"	13.5251812177063	1.91873638444333	0.973031421785221	1.97191615962722	0.0486191782487039	0.292128746184029
"Ankrd9"	16.2279937461413	1.59225925969105	0.806925688665279	1.97324150421432	0.0484680538991011	0.292128746184029
"Ung"	22.5781034444924	1.32471203312043	0.672122867757454	1.97093730427644	0.0487310475192698	0.292189820635175
"AI854703"	4.27935078588491	3.70226523018988	1.8781722709153	1.97120641568499	0.0487002703865684	0.292189820635175
"Zfp941"	10.2199352569437	1.90948330583887	0.971931539197845	1.96462737222707	0.0494573814970699	0.29407422727703
"Tom1l1"	15.9067175649671	1.43330425782018	0.73066391305658	1.96164643170106	0.0498036625020442	0.294784348267842
